1100000100101100
1100111111010001
1100001000111000
1100110000000011
1101000001101110
1100010110100000
1101000010000011
1101001110110100
1100101100001111
1100010110111100
1101001010110100
1100011111111010
1101010001100111
1100110000010011
1100111010000111
1011111011101000
1101001011000101
1100010111011011
1101000010101100
1101000010010011
1101001100011000
1100001001100101
1100010001100011
1101000010111100
1100010111001011
1100101110001011
1100000010001101
1101000101000001
1100011101100101
1100000100100000
1100101101100101
1100111100011010
1100101000001111
1100111100001001
1011110101001001
1100010110101100
1100010101001101
1101001101011111
1100111100001111
1011111010001110
1100111110001001
1011111100000000
1101000010000011
1011111110000011
1101010000001111
1100011101110010
1101010110110000
1100001111010101
1100010011101001
1100100001011001
1100100110111100
1100011001100101
1100000100010110
1100011011100111
1100001101001101
1011111101101110
1011111100010100
1100101100000011
1101001010101110
1100101010111100
1100011011000101
1101001111111010
1011111011100010
1100100100011000
1100100011100101
1101000010100000
1100111001110010
1011111000000000
1100110011000101
1100010110100100
1101000000001011
1100101100111100
1101010011100101
1101001111110010
1100010001110110
1100110011110110
1100111100110100
1101010110111100
1011111110011100
1101000000100100
1100011111011101
1100100000111100
1100100101100101
1100000001110000
1101001100101110
1100000100110000
1101001110110100
1100000010100100
1100010010010001
1100101110111100
1101010000111000
1101010001110110
1100110000111000
1011111101100110
1100110000101100
1100001011001101
1100011100010110
1100110010001111
1011111110110100
1101010011111110
1100000011110010
1100001010100100
1100011111110110
1100010111011101
1101001101011111
1011111110000011
1100110100000011
1100100001101001
1100100000111100
1011111100101000
1100101100101100
1100110111111010
1100011010101110
1100010000001111
1100010100000101
1100000010101000
1100101010101000
1101000000001111
1100010100001011
1100111001000101
1101000000000011
1100000111010001
1011111101111100
1100100010001011
1100111100110000
1101001011100001
1100111001100001
1100101111010101
1101000010111100
1011111100000111
1100111110110100
1011111001110111
1100111010111100
1100101011010111
1100111001100101
1100011111100001
1100100001101110
1101010010011000
1100110101000101
1100010111101110
1100101010111100
1100010101011101
1100001000001011
1100011011100101
1100010011001011
1100001010001011
1101001100011010
1101010101011111
1011111110100110
1101010111001001
1100000001101110
1101000001000111
1100101100001011
1100010100000011
1100001010101100
1100011101100101
1101001100000101
1011110110101110
1100011111000001
1101000101001101
1100010010101100
1100001100101010
1100010110111010
1100110111000011
1011111000001110
1100100000000011
1101000111010101
1101010001110110
1100101000011100
1101000110011000
1011110010001011
1101000001001001
1100010101100011
1011110001110110
1101000110101010
1100100010100110
1100100001110100
1101010111100101
1101001010111000
1011111000110001
1100011111000111
1101010001001011
1100000001100001
1101000100000001
1101001110001001
1100111010000011
1100000101000101
1100011010111000
1100001000101000
1100110011000111
1100111010110110
1011111110000011
1100010101001101
1101010001001101
1101001101011011
1100110110000000
1100000001100111
1100110111011001
1011110111110000
1011111110010100
1100001011110000
1100100101111110
1011111101000101
1100100000000011
1011111011111110
1100001011000101
1100110111100001
1100010011011101
1100001110011100
1100011010101100
1100010100011110
1101001011110100
1100011010110100
1100001101101001
1101001001001001
1100111101110110
1100000000100100
1100101011001101
1100010100100100
1100111100001101
1101000001101110
1100011111000101
1100101010000001
1100001000000011
1101010010001011
1100110001001011
1100111110100110
1100100111110110
1100101001101001
1101010101100101
1100101010101010
1100011001110110
1011111110100100
1011111111100011
1100010011110010
1100110000011000
1100010110101100
1100011110100100
1100011000111100
1101001110000000
1100110110110000
1100000001100101
1100000100011000
1100001101111000
1100001011011001
1101000100011100
1011111000000010
1101000101101100
1101010100001101
1100100000100010
1100011011001101
1100000111010101
1100010101000011
1100110001100101
1100100111100101
1100110101010101
1100010001111110
1101010101100001
1100000000011100
1100010011001111
1100100110111100
1101010000010011
1100000101100111
1101010000100100
1100010001110110
1101011000110010
1100001110010011
1100101111011111
1101001110001011
1100111111110110
1100100011000101
1100110000000011
1100000000001011
1011111111000111
1011111001111111
1100010101101001
1100110010110010
1011111001100010
1100111110110100
1101001011111110
1100110110111110
1011110111000111
1101010111010001
1011110111000111
1011111010010000
1100010110111100
1100110101000101
1101001011011101
1101001100101110
1011111100101100
1100111100011000
1100000000100000
1100101110010011
1100100001100011
1100001100000011
1100100100110100
1100101101000101
1101000110111100
1100111111001111
1100011110110100
1100100100101000
1011111010010100
1100001010001011
1100110011001111
1100010110110100
1101001001000001
1101001101000101
1100011000110100
1011111101100110
1100011111100001
1100001101111010
1100100010100100
1100111111010011
1100010010011000
1100101100010011
1100011010001101
1100010010000011
1101010111100101
1100000011110110
1100011101100001
1011111101011011
1100011001110110
1101000010000111
1100101010100100
1100011001110000
1100010100011110
1100110100000111
1101001011100001
1101001111010101
1101000001110110
1101001011001101
1100110110000011
1100011110000001
1100100101101001
1100110111101001
1100011100011000
1011110101101001
1100111110011100
1100011001100001
1100101110000011
1100010100110010
1101011001101110
1101010000110100
1011111011001111
1101000000011100
1100110010001001
1011111111011101
1101010101100101
1100110001001101
1100001100101010
1011111111100001
1100000110011110
1100000110101100
1100100010111100
1100111111001001
1100111101110010
1100010000010011
1100011111000101
1101001101111000
1100111010000001
1100110011101110
1100011100111110
1100000101101100
1101001011100001
1100010011100111
1100011111010101
1100001010100100
1101011010000001
1100111111101001
1100111001000101
1011111001001110
1101000111010001
1100010110001111
1100100101010101
1100100100110000
1011110111000111
1100100011010101
1100010110100000
1100010011000111
1100101111000011
1100011011100101
1100001010110100
1100000000110000
1101000010011100
1100111000101000
1011111111100110
1100000000100000
1100010111100101
1100100001100101
1100010000101100
1101010010000101
1011110111100111
1101001000100100
1101010111010101
1101000110011100
1101001101010011
1100100110011110
1101010110000001
1011110111011011
1100100110000011
1101000110110110
1100100101100101
1011110110101110
1101000110111010
1011111010100000
1100011111010101
1101010000101100
1100111000111100
1100000001110110
1100101001101100
1101010111101110
1100010011011101
1100001010111010
1100010100010011
1100011010010011
1100100000101010
1101000100100100
1100100110000111
1101000001000101
1100011111101001
1101000100100110
1100101100110000
1101011000110000
1011111011111110
1100110100101100
1101001110100100
1100001011100001
1100000101000101
1100000011011101
1100011001011101
1100101010100100
1101001011010111
1100111111111100
1101001111111110
1100011110111110
1100000001011111
1100101101000001
1100100001001001
1100011010011000
1101011001100111
1100000011001111
1100011101100101
1100100000011000
1101001000110000
1101010111111000
1100101101001001
1100000101010101
1101010101000001
1100100111110010
1101010000011000
1101010010000101
1101010110110110
1101010111101001
1011111110101000
1100101100011110
1100110111110010
1100110000100100
1100100011001111
1100101001100111
1100100010000011
1101000101010111
1011111111010101
1100011011101110
1011111111110010
1101000001001011
1100110011100101
1011111110011000
1100110101101100
1100101011000001
1101000001101110
1100000110000000
1101010000100100
1100111011101110
1100010100101110
1100110010000011
1101001111011101
1100101100000011
1100010011111100
1011111000110101
1100001001111110
1100000100011100
1100100111101001
1100111100000011
1101001100100010
1101010011110010
1100100001111110
1100110110101000
1100100100000111
1101001101100001
1100111011111010
1100001111000101
1100010111001001
1100100010011010
1100001000111100
1100101001101110
1100000000000111
1100100110110100
1101000101001001
1100110000001111
1101001100011010
1100001100110100
1100010110011100
1100100010001001
1101001001001101
1100100010111010
1100101001100011
1100010010000001
1100111110001111
1100110101100111
1011111100100100
1100111010000011
1100111100101000
1100011011000101
1100011111110110
1100000111110110
1011111100001001
1011111011010001
1100000100111110
1100001111011111
1100111000110000
1100110011000101
1100101111100011
1100100011100011
1100110101101100
1100001010001111
1100100010101000
1011111110110100
1011111011001111
1101011001101110
1100010011001101
1100011111100011
1100110110101100
1100101111101110
1011111000000100
1011111100100100
1101000011100001
1100100110000011
1100011111011101
1100010011011111
1100000001011001
1011110001010101
1100000111000101
1101001100011000
1100010010110000
1101001101011001
1100010101010101
1011110010011100
1100110010110100
1100101010110000
1101010001010111
1011111110000011
1100101100001111
1100011010100100
1011111011000101
1100100111010111
1100011000100100
1101000110011110
1011110110100110
1100100001100111
1100010110100100
1100110100000011
1100011111010101
1100100011100101
1101010001000101
1100011100111000
1011111000101101
1100010111101001
1100100101000001
1011110101011001
1100100000100100
1100011001010101
1011111111011111
1100010000010011
1011111100011100
1100100011011001
1101010110001111
1100010011100001
1100111111001101
1101010110110000
1011111001010010
1100010101101110
1100110101111100
1100010010101100
1100000111111110
1100000000110110
1101001011110100
1100011011100001
1100101010110100
1100010101010011
1101001101010101
1100101100001111
1100101000011010
1100001111101110
1100100110001011
1101010111100001
1100111000010011
1100010111100111
1100001100110100
1011110101101001
1101010100000101
1100001111100001
1100011110100110
1100001100101000
1100011011110110
1100010101111110
1100000001110110
1100100100111110
1100001000000011
1100101111110110
1100010110010001
1100001111100011
1101000010001001
1100100000101110
1011111111011111
1100110000110000
1100101001101001
1011111111101100
1100101111100101
1100110110101010
1100101010111100
1100010100010011
1100110001110110
1100001111100001
1100011010000000
1101000011011111
1100010000110100
1101000000001011
1100111001100101
1100000101000101
1100011010010011
1100110001010101
1100101010000011
1100011111111010
1100110000001001
1101010000010001
1011111010110101
1100100111000101
1100101110110100
1101001100011100
1101010011010101
1100000011101110
1100101100011100
1100011111110110
1100100110110000
1100101100001001
1011111010000100
1100001111111110
1100010011010111
1100011011000011
1101001111111110
1100101000101100
1100000111010101
1011111001100100
1100011010010011
1100111110111100
1100011100001111
1101001110110010
1100001100111100
1011111001001110
1100111110000011
1101001011000101
1101010001100101
1100000000100010
1101010111111010
1100110101001101
1100010110110100
1101011000010001
1100100111101110
1100110100101110
1100100100101100
1100101001001001
1100101110010011
1100000011010001
1101010010010001
1100010101011001
1100000000010110
1100110001101001
1100111000111100
1101001011000101
1101000101110110
1100010000000011
1100100000000001
1100100010000011
1100101100001101
1100101100101100
1011111110000011
1100000011000001
1100101110010011
1101000001100101
1011111111011011
1100100111001101
1101000000110010
1101001010111010
1100000111111100
1101001100100100
1100010010010011
1100001001110110
1011110010001011
1100110111100101
1100100110010011
1100111010111100
1100001010001111
1100010111110110
1101001110100000
1011111101110010
1100110110101100
1100100101111010
1100111001111010
1100000011010101
1100101110000111
1100110101011101
1100000000001011
1101010101010101
1101010011101001
1100101010101100
1011111010111001
1100100001100101
1100011010000011
1100111000001011
1011111111101010
1101001111101001
1100010000100100
1100000111110100
1100110101000101
1100001011011001
1101010001111010
1101011000001111
1100001011101001
1100110001110110
1100001110100000
1101000110100100
1100011001111010
1100100110000011
1101010001011101
1011111001101010
1100000011011101
1100001001110110
1100001001010001
1100011100110000
1101010010100000
1100101011111010
1100111100101110
1101001010101100
1100011000011100
1101001111011001
1100101001111010
1100010001010111
1100110010000011
1100010010010011
1100000101001001
1101000001001011
1100110010011100
1100100011110110
1100000101101001
1100001010011000
1101001111010101
1100110111011101
1101001000001011
1101001110111110
1100110001100001
1100110000000111
1011111100110111
1101001001110110
1100001000001111
1100010010010011
1100110001000001
1100000001100101
1101001100110000
1101000101000101
1100001011011111
1100011011100011
1100110100010110
1100010100101000
1100011011011011
1100110011100101
1100100111001011
1100010000000011
1011111100111111
1100111110100100
1101000010111000
1011111101011101
1100111010000011
1101010011001111
1100001010101100
1100110001000111
1011110101011001
1100000001100101
1100001010111000
1100111011011101
1101000010110000
1100001011000111
1101000101110010
1101010011110110
1100100000100010
1101000111100101
1100100110000000
1101000001111010
1100110100100000
1100111000000111
1100101110110100
1100111100110010
1100010010100110
1100100000001001
1101000101101110
1101001010111100
1101010001111000
1101000101110110
1101001110110100
1011111000001010
1100001000011000
1100110101000001
1100101110100100
1100110010110010
1100110001111110
1100000000001111
1100001010110000
1100011111111010
1100001101100101
1100011100101100
1101001001100011
1100000100110100
1100010011001001
1100100001000011
1100000100110110
1100010011011001
1011110101001001
1100100101110100
1101010101101110
1100000101111010
1101000110000011
1100100100011100
1101001100001101
1101010011000101
1101000010110100
1100010000000101
1101001001011001
1101000110000000
1100010110000011
1011111101010101
1100110010010001
1100011111101110
1100101111010111
1101010100111100
1100010110111100
1101000110101000
1100000100010011
1100101010010011
1101010000000111
1100101111001111
1011111100000111
1100100010001111
1011111111101110
1100110011111100
1100011000101100
1101010110101010
1100100111000001
1100011010110100
1100101011011001
1100100000110000
1101000011101001
1101010000100100
1100001000010110
1100111111101001
1011111111010001
1100010100000011
1100100110101000
1100101011100001
1100100010101000
1011111110101010
1101010001110000
1011111111000011
1011111111111110
1100001110001011
1100010100000011
1100100111111010
1100010000010011
1100110100101100
1101010010101100
1100011100011100
1100001000011000
1100010010011000
1100001110010110
1100011000111110
1101001111000001
1100001101111110
1100110000011000
1100100010000001
1101000100111000
1011111111011001
1100011101011101
1101001101011001
1101010100101100
1100010110001101
1100000101100101
1100001010011000
1101010011011101
1101010111011011
1100001111001111
1100010010010011
1100011110110100
1100001010001011
1011111010101101
1101000110111100
1100110111011101
1011111000001000
1100010111000101
1101011000110000
1101000100000011
1101011001001011
1011111011100110
1100100111010101
1100110010000011
1100101001111100
1100111100001011
1100001010111100
1100101111010101
1100000000100100
1100111110001011
1100110000110010
1101001000011100
1100110001100011
1100101111110100
1100001101011011
1100111011110010
1100100010011100
1100111111000011
1101010101001001
1100001101100101
1100100000001011
1100100010001101
1101011000010110
1100100101100101
1101010010000011
1101001000101010
1100000110000011
1100111000010011
1101010100011100
1100011000110100
1101000010110100
1101010010011000
1100011011110110
1100000001011101
1100110110111010
1100001010000011
1101001100101010
1100110010111100
1101000010110010
1100100110000011
1100010010100000
1100000010111100
1011110111001111
1100100101001011
1100000110111110
1100001001010011
1100101000000011
1101001011001011
1100001001000101
1100000110010011
1101010100110100
1100111011001011
1101001011101100
1011111111100110
1100010001000101
1101001111010001
1100001000001011
1101010001110110
1100000001100101
1101001011100111
1100111010110100
1011110110011110
1011111111011001
1100101000000011
1101011000001011
1100100000110100
1100000111101001
1101001001001101
1011111100000111
1101000111101001
1011111011100110
1100010011001001
1100111101000101
1011111101000001
1101011010000001
1100010001000101
1100101001001011
1100011100110000
1100111010111010
1011110100100000
1101000101011101
1100011110100100
1011111100000111
1101000011001101
1011111101110110
1100001111010101
1100101001010001
1100111111111110
1101001110000011
1011111101100110
1101000111000011
1100000100000011
