01010110100110100000000000000000
01100100111000000000000000000000
01001101110011111110110010001011
01011100011101011111111111111100
01010011101101101111111111111101
01011001010011001111110001110011
01011100001100100000000000000000
01010010101001101111111111100111
01001101011100110110010001011010
01001111111001111110000001000010
01100101010101100000000000000000
01001001111000101111000110101010
01011110010011111111111111101111
01011111100001100000000000000000
01001101010110010000000000000000
11001111100000110000111101101011
01010101010000110000000000000000
01010101011110111111111111111000
01010011100101100000000000000000
01100011000011010000000000000000
01011111000101000000000000000000
11001111100001100110010111100100
01001100101001111111111111111111
01100101001011110000000000000000
01010010000010100000000000000000
11010010111010010101100000010110
01010001011001100000000000000000
01100011010001100000000000000000
01010010110110010110010001011010
10111110101001111000110101010100
01011001101010000000000000000000
01011101000101010000000000000000
11001011011010011010111000010110
01011111010101110000000000000000
11010110100000010000011000100101
11010010110001001001101110100101
01001111101000000100011110101110
01011111110110100000000000000000
01010011100110110000000000000000
01010000011001101010100111111100
11010100101010111100101111110010
01010001000110011111111111011010
01010101110010100000000000000000
01010011000010001001101110100100
01010001100011100000000000000000
11001100101101000000011111011001
01011000001011110000000000000000
01010010101001011111111111110101
11010010000000110001001001010011
01010011110101110000000000000000
01010011000111000000000000000000
11001100111011111001101001011111
11010010010111010010111011101010
01001000000001001111110110010001
01001010101001110110101001111111
01010000111101000000000000000000
11001101001000011100101011000001
01010010011110011111111111111111
01100111111011010000000000000000
01100001001111010000000000000000
11010101111100111011010101101010
01011010100011111111111111111111
11010010010110110000010111110010
01011011001110010000000000000000
01011110100111000000000000000000
01011011000011110000000000000000
01011000011011011111111111111111
01010001010010010000000000000000
01010010101000010000000000000000
11001110000101001101101100100100
01011010110010000000000000000000
11001111111001010101100111001010
01010110001101101010011111110000
01100001011110000000000000000000
01010110100101011111111111111111
01001111001000010000000000000000
01001101100010111111111111111110
01100010100010010000000000000000
11000111011110000011101110110111
01100110010011010000000000000000
11010000100101001001100101010000
01001000011110011100111011011001
11010101001001111110111110011010
01010011011101011111111111110000
01101001000000000000000000000000
11010010010100001101111111101001
01100011000111100000000000000000
11001110110100101111000110101011
01010111001101001111000100000110
01011101100100001111111111111111
01010111110000100000000000000000
01101010101000000000000000000000
11010011101100000001010100000101
11001111001101100100010010101111
01001110000000111111111111111111
01010000011011111111100000000000
01000111100011111111111111110010
01010110010010001111111111111101
01001001010110101111010111100011
01100110101000110000000000000000
01001001010101001111001100010010
11001100100100110111010000110111
01011011011101000000000000000000
11010000010101001101010101110100
01010110110011110000000000000000
11000100011000011000010100101111
01011101101100011111111111110000
01001111110110011111111111111111
01010111101001001011100001010010
11010010010000001000000111000101
01001001000111001111110101101000
01011001100000000000000000000000
01001100111011010101101000011101
01011010110111100000000000000000
11010100011001110011100011010110
01010001101001101000100000110001
01010101000101001111111111111110
01010011011001000100000110001001
01010111111111001111111111111011
01100101010001110000000000000000
01001110110111001111101110100110
01001001001001101111001011110010
11010010100001010001101100111101
01011011001110110000000000000000
01100010110111000000000000000000
01010101101000000000000000000000
01010110111010011111111111100110
01001001100010111001101110100110
01001111110011110100100110111010
01010001001011001111111111111001
01100010111111010000000000000000
11000001011011101111101110000110
01010110000111101100101111000111
11010100101110111001010110000000
01001110101000101111111111001010
01001011111001010111101011100001
01001000001010111111111111001000
01011000100111000000000000000000
01010111110111000000000000000000
01011001110100110000000000000000
01011100000110101111111001001110
11010000011000010100011001101101
01000000111001011110101110000101
01011001011010100000000000000000
01011001101001101010010111100011
11010100100110110001111000101110
01101001011011110000000000000000
01011011111000010000000000000000
11010000001111100111011011001001
01010111010011100000000000000000
01010110001001110000000000000000
01010001110011000000000000000000
01011110110100111111111111111101
01010001101001011111010111100011
11000101000000101000101100000110
01011100001001111111111111111111
01011000001101101111101111010111
11010100110111001111100011010110
01010001110100011000000100000110
01100101101111110000000000000000
01010100001011111111111111111110
11010110010100101111000110101011
01010011110001000000000000000000
01010101111001001111011101101101
11010101000101111000110001111111
11010001011101000011011010010000
01010100001001011011001000101101
01101000000101000000000000000000
01011100001001010000000000000000
01011101110011000000000000000000
11010011010010001011010000111010
01100011100111000000000000000000
11010100001010011111101111101000
11001010011101011100001000011000
01010110101110010000000000000000
01010001011101100000000000000000
01010101011110100000000000000000
01010100010111000111011011001001
01011100111001100000000000000000
11001111011000110101001111111001
01010001100001100000000000000000
01011101000111000000000000000000
11000101100010101101010110011000
01011001010001101111111111110100
01100101011001000000000000000000
11010101010111101111110001100101
01001001110000101101101100100011
01011010001110111111111111101110
01010100001000010000000000000000
01010010101100011111110111111100
11010010001000111011001111001011
11010000101101100100010110100010
01000011000001111010110111000000
01100011010001010000000000000000
01011101110111111111111111100101
01011100100001001111111111111100
11010101110110010001011010001000
01011001101001100011110101110001
01010000101010010000000000000000
11000100111101011000011100110100
01010000001110111111111101001100
01011110001000110000000000000000
11001011111111111111111111010110
01001100001100011010100111111100
01000101010001101111111000000000
01001011111100101101110100101111
01010111110101010000000000000000
01010111101100001111111111011011
11010001111111011111001110011111
11010011100000010000011000100010
11010011001110100001110110110110
01101000101011000000000000000000
01010101101011001101110100101111
01000101011100000100101111000010
01010110110000110000000000000000
01010000010101100000000000000000
11001110101011100001010001110000
01011001011111001111111110001001
01011001100100110000000000000000
01100011110000000000000000000000
01010001010110011111101111100111
01011110001101110000000000000000
01001100110010101111111111111110
11010001000110011001100110011000
01100010111011000000000000000000
01011011100010000000000000000000
01010101011101000000000000000000
01010001100101111110001101010100
01010111000001000000000000000000
01010111101011001111111111111101
01011101000101000000000000000000
01010101111010001111111111100111
11010101101100100010110100001111
01010100110101111111110001110011
01010010111010001111111111111111
01100001010000110000000000000000
01010110110011110000000000000000
01010000100001111111111111111111
01010110111101101111111111100001
01010010000011000000000000000000
01001111010101011111111111010001
11000101001000010110011111000101
01010010101110111100011100101011
11001111110111010010100100010011
11010101110001001001101110100110
01011110110100011111111111100001
01001101111010001111100111011011
01011001100000100000000000000000
01011111111011110000000000000000
01011001010100000000000000000000
11010001101111000011110011000000
01010011000011110000000000000000
01010011000010111111111111111110
01100001000011000000000000000000
01010001010011010000000000000000
01011011101110110000000000000000
11000111101001101110101110011110
01011110001011010000000000000000
01010011110110110000000000000000
01010110111101011111111110011111
01011100100111000000000000000000
01100001100011010000000000000000
01010100101011100010100011110110
01100100010111000000000000000000
01001000001101001110011101101100
01100001001101100000000000000000
01000011110001111111110011001101
01010110101011000000000000000000
01101000101011100000000000000000
01100011101011010000000000000000
01011110000110010000000000000000
01010111101111000000000000000000
11001111011100111010010110000110
11001110001011110001101110100110
01010100000010100000000000000000
11000101111111111001000001100110
01011000001001001110101000111101
11010001110110010001010111011010
01100100100111010000000000000000
01010011001010110000000000000000
01010011010011111100001010001111
01001101110110000000000000000000
01011011001011100000000000000000
11001001011011011000111111010001
01010000100100110000000000000000
01001010000110111001000001100010
01011000101101100000000000000000
01100000010110110000000000000000
01010011101011110000000000000000
01001110111100100000000000000000
01100001101110010000000000000000
01010010000001111111111011111110
01001101101001110000000000000000
01001101111101101111111110101110
01010001101111100000000000000000
01011100101100111111111111111100
01100010001010010000000000000000
01011000101000111111100001010010
01010101000011100000000000000000
01001101110010001111111111101001
01011010100110000000000000000000
11001000100001010100001110010110
11001010111001010110000000110110
01001111101110010000000000000000
11010100001011000000100000110010
01100110110110110000000000000000
01100011000110000000000000000000
01011001011000001111111111111110
01001101111110010011101101100100
01000110100000011011001000101100
01000011001111001101000010100100
01000111100110011111111111111100
01011000111001010000000000000000
01001011110111101111111111111011
01011011001010010000000000000000
01011011100100000000000000000000
11000101110001011111010011001111
01011010111010100000000000000000
11001011010000011011111001011101
01011101011011010000000000000000
11001101101111101111101100010011
01010110110100000010001011010001
01100001000010100000000000000000
01010011001101101111111011100001
01000111101111001101010011111110
01001100111101111111111111111111
01100010100001000000000000000000
01010001101111011100001010001111
01011110101010110000000000000000
01100000101011010000000000000000
01100101111010110000000000000000
01011000111010011111101111100111
01001010001111001111111111111010
01001111101011111111111111110111
01011110001110010000000000000000
01010011100011011100001010001110
11001111111010010111100011010110
01010100111111101011001000101101
01010011011001100000000000000000
01011110010100100000000000000000
11001110100010110011111010011110
01101101001011110000000000000000
01010101011110000000000000000000
01010100000010001111111110010011
01011000110001111111111010001011
01011001100000101111111111111111
01010100001010000000000000000000
01100001110111000000000000000000
01010010011110111011011001000100
01010101011101000000000000000000
01010000000101101111111111110101
01010100100100110000000000000000
11000101111111011110011001111001
01011001000010100000000000000000
01010110000110110000000000000000
01010001100010101110110111010011
01000110001101101010011111101110
01010010010000101111001000101101
01100000010010100000000000000000
01010110111010110000000000000000
01010101110110110000000000000000
01001110101110100000000000000000
01001010110111001111100011100101
01010100011111101111111011011001
11010001100110111010010111011011
11001110101110001001100110011010
01010110110001010000000000000000
01011000000001100000000000000000
01100011000011000000000000000000
01010110010001101111111110101000
01001110100001000000000000000000
01010111110000100000000000000000
01010100100100100000000000000000
11010001000010100110010111100100
01011001111001110000000000000000
01001100000110101100100010110100
01011100100111000000000000000000
01011000011001111111101111100111
01001101001000100000000000000000
01011100111010000000000000000000
01000100101100111111111010110000
11001111110101001111110111110100
01001100101000111111010001111011
01011000101110001110100110111010
01100100000011000000000000000000
11001111110101001111110111110100
01010100000010100000000000000000
11001101100100101111000110111101
01011011101110110000000000000000
11001001011101011000000100001000
01010011100111000000000000000000
01000101000100011101001011101110
01011000000011110000000000000000
01101001110100110000000000000000
01010101110110101111111111111101
11010100111100011110010001011100
11010011011101111100110111110010
01011010110101110000000000000000
01000100010101011111010110110010
01011101010100011111111111111010
01100101011010010000000000000000
11010011100101111000110100100000
11001001110110010001010010011110
01010010001110100101110000101001
11010110001101100100010001100010
01011101100001110000000000000000
01010100011100100000000000000000
01011101000111000000000000000000
11001110001001111110110001001110
11001110001110111000010010000000
01101000111010100000000000000000
01001101000100101111110111111100
01010100010100100010000011000101
11001101101001011110001101001000
01001100100101100000000000000000
01001001100001111100101011000001
01100011001111000000000000000000
01001011111100111111110100111111
01011011010001101111111000010100
01001110001111001101100100010110
01011000100010011001000101101000
01010011001100111100011110101110
01011100000000010000000000000000
11010001010100001110010101100001
01100000110000000000000000000000
01010101010011010000000000000000
01010101101010110000000000000000
01010100010000110000000000000000
01001101010011111001011110001101
01010000010000100000000000000000
01010111111010001001000001100010
01011011101111010000000000000000
01100100011111000000000000000000
01011100110000110000000000000000
01010111111000011110110000001000
01001001010110010100011110101110
01010100001000001111111111111010
01010011011101010000000000000000
11001001000100010010010011011110
01100100010100100000000000000000
01010011100101010000000000000000
01010011111001101111111111101010
01011010000011010000000000000000
01011100111000100000000000000000
01101000010000110000000000000000
01001111100110101111111111111111
11010100001101000011011010000101
01100011011101000000000000000000
11010001100000110000001101101111
01010011001011011010100111111100
01010111111111111111000010100100
01011101001110100000000000000000
01011111011100100000000000000000
01000100111011101111001010101000
01011001110110010000000000000000
01001110101001100000000000000000
01100011000111110000000000000000
01001101100101011111111111111000
01010110000011110000000000000000
11010100011100011010100111111101
01010100010100000010100011110101
11000001100101000110100111111100
01011011100000001111111100100111
01010011010001100000000000000000
01100011010100000000000000000000
01010100101101100000000000000000
11010011010101001111110111110001
01010101011100100000000000000000
01011110000101010000000000000000
01100001000010010000000000000000
01001001000100001100101011000000
01010100101101110000000000000000
01010101101000001000100100110111
01000100011110111000100100100111
01011000101011000000000000000000
01100001101001000000000000000000
01011100100101100000000000000000
11001000110100001100100111100001
11001010100101110101000111010000
11010011100110111010010111100011
01001000000000001110011110101110
01010011100011010111110011101110
01011010010010100000000000000000
01101000000011000000000000000000
01011010101001011111111111111010
11010000111100110110101011000110
01001011110001001110100001110011
01010111101100010000000000000000
01100110001111110000000000000000
01010101111100110110100001110011
01010110010010100000000000000000
01001100100001000000000000000000
01010000010011101111010100011111
01010101110100100000000000000000
01011111100010010000000000000000
11010000011111011111001110110111
11010011101111000110100111010110
01100110110001000000000000000000
01011011000010010000000000000000
01100011011111100000000000000000
11001111000100110111010010111101
01011011000110110000000000000000
11010010100001010001110010101001
01011111101111101111111111111110
11010100000101011000000100000111
01010011111111011111111000101101
11001110001100111011010101011001
01100000010001010000000000000000
01010010101010100000000000000000
10111111101001101011110001101011
01010111010110011111111110010001
01010101100101000000000000000000
01001010011101011111111111111001
01011001100001100000000000000000
01010100101011010000000000000000
01001001011000011111111110001101
11010011010110111001001111111001
11010100110100111111001110110111
11010000010001000101010000100110
01010110111001101111111010000111
01001111100110000100010110100010
01100001010110100000000000000000
11010101110000101000111011001100
01011100100000000000000000000000
11010000000100010110100001110011
11010011010010100110110011001101
11001001001001111011101110100110
01010010001111111111111111111110
01101011011010000000000000000000
01001111100000101110110110010001
11010001101111100111011010111011
01010100110001011111111110101110
01010010010011101111111111011011
01010010101010010000000000000000
01010011100101110000000000000000
01011100000010110000000000000000
01011100101001000000000000000000
01001100011000100000000000000000
11010011000111000100011000101110
01001001001000001111111110111110
01001111010011111111111111111111
11010001110001001001101110100110
01011011100100100000000000000000
01001110100100000000000000000000
01100011010001100000000000000000
01001110011100010100011110101000
11000111000000110001001001101001
01011001110000110000000000000000
01011011001100001111111111101010
01101010110100000000000000000000
11010000000100111011011001000110
01010101000110110000000000000000
11010101010000101000111011001111
01010100100100001111101111000111
01010001010110001001001101110101
01001100111010111111111111101011
01011110000100101111111111111111
11010010100100110111010010100101
01010110000110010000000000000000
11010110010001101010011111110000
01100000000001100000000000000000
01010011010011010000000000000000
11010001000001011011011011001001
01100100101000100000000000000000
01010111100010000010101100000010
01000000100001001110011101101101
01001011001100101111111111111110
01010101110001100000000000000000
11001100000110011000000111100100
01001011000101001111111111111110
01011100001010110000000000000000
01000100100010101100100110110010
01001000101010001111111000011001
01001110000011011111111111111110
11001111111010100000010110110011
01011101011100011111111111000101
01001110100100010110011001100110
01011010010100100000000000000000
01011000000110000000000000000000
01001110001101111111011111001111
01010110011001010000000000000000
01001100110111011111111100001000
01010001101001001111111011000001
11010100011010111000010011011110
01001010000000111111111000110101
01100011010000010000000000000000
01011000010011010000000000000000
01010111111000111111111111111111
01011001101000100000000000000000
01100100001001110000000000000000
01010001011011001111000110101010
01010101010100001111111111111010
01001111100011010000000000000000
11010000110111110011001100000101
01100110010011010000000000000000
01011000010001111111111111111010
01011001001001111111110101110001
11001110010011001100110011000110
01001111101001011111111111111001
01101000011101110000000000000000
01011001100001100000000000000000
01011010101100111111111101101000
01010111010101110000000000000000
01010010000001011000000100000000
01010001011011011101100110011010
01001001000010110010011011101001
01011011100110000000000000000000
01010110001111111111111111100010
01011000001001010000000000000000
01001101011100111110001001001110
11010100100010110100001110010110
01100010101110000000000000000000
01010011110110111101101000011101
11000101110001001001100011111000
01010000101101110000000000000000
01011011101001110000000000000000
01001111001011010000000000000000
01010101101100000000000000000000
11010100010110110001111010010010
11010010010000001100110000111010
11001111001110011101011000000100
01010111010100010000000000000000
11000110110111100011010110000000
01000101111010110110000001000000
01100010001110100000000000000000
01001111110101100000000000000000
01100110100000110000000000000000
01010000111010100000000000000000
01000000000001100011111101111100
01010011010100110000000000000000
01001101001100001111111111001010
01011110000000110000000000000000
01011101011011000000000000000000
11010010001110100101001001000110
01010111001011001010001111010111
11010010010100001110010101100001
01010110100000001110011100101011
01011110100101011111111111111111
01011111101100110000000000000000
01010101100010111111111110001101
11001011101100000010000011000100
01011011000100000000000000000000
01011001011111000000000000000000
01010010001011110000000000000000
01001011010000111110001101010100
11000110110010000010011101101110
11001110100011110010100000110010
11010011110111110110110010010000
01011000111101000000000000000000
01011101011000110000000000000000
01011101100010111111111111111110
01001010101000111100010110100010
11000110101001011110000111010011
01011000100000010000000000000000
01001111100001001110110110010001
01011101000001110000000000000000
01010010101001100000000000000000
11010001000011110101101001001101
11000001000011001101000011110000
01100001010100100000000000000000
01100110111100000000000000000000
01100011111101010000000000000000
11010100110110010001011001101101
01011111001000000000000000000000
01010010110011001111001110110110
01001001100011110011101101100100
01011111011101100000000000000000
01011100110111010000000000000000
01100011111001110000000000000000
01010010000100011100011110101110
01010001101100001111111111111111
01001011100101011111111111111101
01001010001000010100001110010101
01011000001100101111111110111110
01010111110111100000000000000000
01001101100100011101000111101100
01001100000100101111111111111101
01011100100110010000000000000000
01011110100100010000000000000000
01100110110110100000000000000000
01001101001001111111111100001110
01001010010101001111111111111110
01001000001011100010100011110110
01010100101111110100000110001001
01010000010101010110000000110000
01010110001000000000000000000000
11010000110001001001101110100110
01011101000001100000000000000000
01011110001101110000000000000000
01001101100011011111111111111001
01011000010001010000000000000000
01010100100111110000000000000000
11010010011001100100100110111100
01010110011001111111110100011111
01010111111001101111100011010101
11000111110000101101011110100110
11001001000111001000101001110111
01001111111111001001010001111011
01011111011001110000000000000000
01011101001010001111110001110011
11010000111110111101110001001010
11001001000011110010011000101001
01000111110100001111111110101010
01100110000100100000000000000000
01001100001100011111111110101000
01011100010001100000000000000000
11001010110100100110111010011000
01100011111011000000000000000000
01001000100101011110011101101101
01011001001010010000000000000000
01011101010111010000000000000000
01000111111111001111111111100001
01010111110110100000000000000000
01101001111101100000000000000000
01010010101100000000000000000000
11010011111011011000001101111001
11001110001100110000000111101100
01011010011101100000000000000000
01100010011000110000000000000000
11001011010101001111110111110011
01011010001100110000000000000000
01001001110100010010101100000010
01010000110000000000000000000000
01001101101011101111111111100101
01001010101100001111111100001010
01011010010000000000000000000000
01100011101011100000000000000000
11001100111111011111001110110100
01100010101100010000000000000000
11001011100111010111000010110000
01011000000010000000000000000000
01010111001110000000000000000000
11001100101111011100101110100110
01010011001011100000000000000000
11001110011001010110000001000010
11001001111001010110000000111000
01010101001010110000000000000000
01000111101000001110100101111001
01011011000011001111111100100111
01101000100110000000000000000000
01001011110000010000001000001100
01010111010001111111111010101000
01011111000000011111111111101110
01010001100000101111111110011101
01100101010111100000000000000000
01010011100100100000000000000000
11001100000110101101100011100100
01001010100011111111111111010011
01001111101101100111111011111010
11001101101111000110101001110010
01011010110100000000000000000000
01001100000111101110001101010100
01011100001101010000000000000000
01001001101111110001011010000111
01001110100100100000000000000000
01011011001100001111111111100010
01100010101100110000000000000000
01010010001010010000000000000000
01010101000110101111110101100000
01011111100010001111111111111111
01001101000001111111111101110101
01000101001011110110000000111101
01100110111010010000000000000000
11010000110101111010100010001000
11010110011110011101101001101000
01100011000000110000000000000000
11001000011001110110110000001000
01100111100111010000000000000000
01100110010011010000000000000000
01010011001001000000000000000000
01010111101100011111111111111111
01100001011010010000000000000000
11010000100011110001011000101001
01010011110111010000000000000000
01010111111000000000000000000000
01010100101101011111001011110010
01011001000000000000000000000000
01001110100100011000111101011100
01011101001010000000000000000000
01100100100010110000000000000000
01000110110000110001111010111000
01010111110010011100011010101000
01100001010011001111111111111111
11001110010000001000000101011111
01001100000110111111010001011010
11000101101111001011110001110000
11010000101001111011111111101000
01010100110110100000000000000000
01010010101100010000000000000000
01010101000111110000000000000000
01010011101110010000000000000000
01010001001110000011101101100100
01011000000101000000000000000000
01011010100011010000000000000000
11010010101111010101111101011101
11001010110111010011100001010010
01100100000100000000000000000000
01010000101001000000000000000000
01010011100000001111111111111011
11010100011001010101111110100111
01100011000111110000000000000000
11001001110000001111110111110100
01010110110010001111111100110011
01010000100101111111111111010111
01100111001100100000000000000000
01010011100101010111111011111010
01011111010011101111111111110011
01010011000110101001000101101000
01001001000010011100111011011001
01010010110010000000000000000000
01001110100101001111111111010101
01100010000100010000000000000000
01011001100010010000000000000000
01100001110100110000000000000000
11010000101101000110010111101100
01011000001011111111111101001010
01001001100001011010010111100011
01001100100110110100010110100010
11001011111111011011100010110111
01010000011001011001100110011010
11010011111000010100011110101111
11001001011001010101101101010010
01010000011010011110011101101101
11001011010110111100101100011011
01010111111110010000000000000000
01000000101101010101100000010000
01010010101110111111111111111111
01101001111101000000000000000000
11010100011100111000010100100000
01011100111011000000000000000000
11010100110001001001101110000000
01011101010000100000000000000000
01011101100010110000000000000000
01011010101010011111111000110001
01001010101010011101011100001010
01011111001111101111111111111101
01010111011100001001111110111110
01001111010010100000000000000000
11000010110001000110110110101001
01001011011101101111000110101010
11001000111010101111100001010010
11010010011000010011111100001111
01101010010011000000000000000000
01010111100100010000000000000000
01010010000101101010111000010100
01001110010011101011111101111101
01011010011101010000000000000000
01101001101001010000000000000000
01100000111001000000000000000000
11001011001100000000100100000101
01011110111101110000000000000000
11001010100000001010001000100101
11010010111100100100011101101101
01001101101000000000000000000000
01100000011111000000000000000000
01010100011101110000000000000000
01010100111010111111111111111110
01001101110001011111001110110110
01011101101101000000000000000000
01100110000101010000000000000000
01100111011111000000000000000000
01010101100010110000000000000000
01100000111000100000000000000000
01010001100110010000000000000000
01011011000010100000000000000000
11010100000110001010111000010110
01010101000101101111111111111111
01000110101011101110110100001110
11010100011001010110000001000010
01011110101100000000000000000000
11000101001000110111011010001111
11001011101101000010100110011001
01010110011011100000000000000000
01010011011010011111111111111100
01010101010100111101011100001010
11010101011111011111001110110111
01100000110000110000000000000000
01011000010100100000000000000000
01011100000110110000000000000000
11001111110101001111110101111100
01010001010010111111101001111111
01000111101110000001000001100010
01010001110101110000000000000000
01101000100000000000000000000000
01010001011110101110010101100000
01010000000001011000100000110001
01011000100010000000000000000000
01011010100011011111111111110010
01010101000010101111110111110010
01010101010010110100111111011111
01100010110100010000000000000000
01011010010101110000000000000000
01010101000000110110100001110011
11000111001110101010010010000000
01001011011010011111111111111100
01100101000110000000000000000000
01010110010001100000000000000000
01001011001100001111111111001011
01000111000010000111011011001000
01010101011010111110011011101001
01011000011001010000000000000000
01010001010111011100001100010010
01011111100010100000000000000000
01011010101010000000000000000000
01010000111000011100010010011100
01010011100101111111111111001101
01100111111111010000000000000000
01100000000111000000000000000000
01011010100010111110000111001011
11010010111101011100001010000000
01001011001011111111111111111111
01001011001111110000000000000000
01001001110000011111111111101000
01100001110101100000000000000000
01001010100000111111111111111011
01001101000100101001011110001101
01010001000010011110001101010100
01010111101100011110111110011110
01001101001101010001010001111011
01001111111101000111110011101110
11001010100110011110101110010000
01001100011100100101101000011100
01010110000000011111110010001011
01011110101010100000000000000000
01011100001101110000000000000000
01010010011110011111101111100111
01010111000000111111100100010111
01010110110100100000100000110001
01001101101011100000000000000000
01001000010110001111111100100111
01011101101010000000000000000000
01011110101001111111111111111100
01101001000101100000000000000000
01100111000100110000000000000000
01010110010110100000000000000000
11010101001010011011000011101000
01100100011010000000000000000000
11010100100100010110010010110111
01011111100010000000000000000000
01101001110011110000000000000000
01001001110011001100101011000001
11001111101011111000010111000101
11010100000000010000010001011111
01001110101110000000000000000000
01100001110101000000000000000000
01011011101001101111000011100101
01010100010110010000000000000000
01011000111000011111111111111101
01000111100000111010100111111100
11010011011101011011101100100000
01001000010110101010001111010111
11010010110100001001001111100001
01010010100100001101111100111011
01001101110011011111111111111111
01011000100001000011010100111111
01010101111100010000000000000000
11000111010111001110000100011011
01001111011001010000000000000000
01100011111111010000000000000000
01100100010101100000000000000000
01100101000101110000000000000000
01001010110110001111111110111111
01010111010010100000000000000000
01011110111000110000000000000000
01010100100000010000000000000000
01011111011111000000000000000000
01010001111110001111111111111111
01011110110011110000000000000000
01011010010100101111111111110010
11010010101111100111011011000111
01010010101001011111011111001111
01010011110110100000000000000000
01100001111011000000000000000000
01011101010011101111111110001100
11010000001001111110111110001010
01010100010011110000000000000000
11001110011001010110000000011001
01010100110111100000000000000000
11000001110001001011101011100010
11010000011100011001011000111101
01010111110000000000000000000000
11010010001111000110101010000000
01101011110111110000000000000000
01010101001110011111111111101011
01011010101111100000000000000000
01010000001111010111001010110000
01011111000110110000000000000000
11010001011001101110100010001100
01011100111100000000000000000000
01010001000110011111111111111111
11010010011011111001110110101111
01100111101001110000000000000000
11001101011100011010100111000100
01010110111101010000000000000000
01011011010100010000000000000000
01010001010100101111111111110000
01100011110110100000000000000000
11000111000010001000101101000100
01010100110001111100101011000000
11001100000100101011110010111101
