01010110100110100000000000000000
01100100111000000000000000000000
01001101110100000000000000000000
01011100011101100000000000000000
01010011101101110000000000000000
01011001010011010000000000000000
01011100001100100000000000000000
01010010101001110000000000000000
01001101110111000000000000000000
01001111111010000000000000000000
01100101010101100000000000000000
01001001111100000000000000000000
01011110010100000000000000000000
01011111100001100000000000000000
01001101010110010000000000000000
01001000110000010000000000000000
01010101010000110000000000000000
01010101011111000000000000000000
01010011100101100000000000000000
01100011000011010000000000000000
01011111000101000000000000000000
01001110001010100000000000000000
01001100101010000000000000000000
01100101001011110000000000000000
01010010000010100000000000000000
01001101100000110000000000000000
01010001011001100000000000000000
01100011010001100000000000000000
01010011010011110000000000000000
00111111110011000000000000000000
01011001101010000000000000000000
01011101000101010000000000000000
01001010101111000000000000000000
01011111010101110000000000000000
01001000011110110000000000000000
01000110100001000000000000000000
01001111101111110000000000000000
01011111110110100000000000000000
01010011100110110000000000000000
01010000011101010000000000000000
01001111111100010000000000000000
01010001000110100000000000000000
01010101110010100000000000000000
01010011111000100000000000000000
01010001100011100000000000000000
01000111110001100000000000000000
01011000001011110000000000000000
01010010101001100000000000000000
01001000110111100000000000000000
01010011110101110000000000000000
01010011000111000000000000000000
01000101110101010000000000000000
01001001010001010000000000000000
01001000000001010000000000000000
01001010101010110000000000000000
01010000111101000000000000000000
00111111011001000000000000000000
01010010011110100000000000000000
01100111111011010000000000000000
01100001001111010000000000000000
01001101110111000000000000000000
01011010100100000000000000000000
01001100111001110000000000000000
01011011001110010000000000000000
01011110100111000000000000000000
01011011000011110000000000000000
01011000011011100000000000000000
01010001010010010000000000000000
01010010101000010000000000000000
01001101110010100000000000000000
01011010110010000000000000000000
01001001010011110000000000000000
01010110001101110000000000000000
01100001011110000000000000000000
01010110100101100000000000000000
01001111001000010000000000000000
01001101100011000000000000000000
01100010100010010000000000000000
01000100101101110000000000000000
01100110010011010000000000000000
01001101101111010000000000000000
01001000100000010000000000000000
01001010011011100000000000000000
01010011011101100000000000000000
01101001000000000000000000000000
01001011101011110000000000000000
01100011000111100000000000000000
01000000010101110000000000000000
01010111001101010000000000000000
01011101100100010000000000000000
01010111110000100000000000000000
01101010101000000000000000000000
01001101101111000000000000000000
01000111011100110000000000000000
01001110000001000000000000000000
01010000011100000000000000000000
01000111100100000000000000000000
01010110010010010000000000000000
01001001010110110000000000000000
01100110101000110000000000000000
01001001010101010000000000000000
01000100100001100000000000000000
01011011011101000000000000000000
01001011001000100000000000000000
01010110110011110000000000000000
01000010001000000000000000000000
01011101101100100000000000000000
01001111110110100000000000000000
01010111101001010000000000000000
01001010101001110000000000000000
01001001000111010000000000000000
01011001100000000000000000000000
01001100111011110000000000000000
01011010110111100000000000000000
01010001000100000000000000000000
01010001101001110000000000000000
01010101000101010000000000000000
01010011011001010000000000000000
01010111111111010000000000000000
01100101010001110000000000000000
01001110110111010000000000000000
01001001001001110000000000000000
01001011110111110000000000000000
01011011001110110000000000000000
01100010110111000000000000000000
01010101101000000000000000000000
01010110111010100000000000000000
01001001100011000000000000000000
01001111110100010000000000000000
01010001001011010000000000000000
01100010111111010000000000000000
00111111010011110000000000000000
01010110000111110000000000000000
01010000110101010000000000000000
01001110101000110000000000000000
01001011111001100000000000000000
01001000001011000000000000000000
01011000100111000000000000000000
01010111110111000000000000000000
01011001110100110000000000000000
01011100000110110000000000000000
01001000101000010000000000000000
01000000111010000000000000000000
01011001011010100000000000000000
01011001101001110000000000000000
01010001101001010000000000000000
01101001011011110000000000000000
01011011111000010000000000000000
01000001100010000000000000000000
01010111010011100000000000000000
01010110001001110000000000000000
01010001110011000000000000000000
01011110110101000000000000000000
01010001101001100000000000000000
01000010100101000000000000000000
01011100001010000000000000000000
01011000001101110000000000000000
01010010110010000000000000000000
01010001110100100000000000000000
01100101101111110000000000000000
01010100001100000000000000000000
01000111101110010000000000000000
01010011110001000000000000000000
01010101111001010000000000000000
01001101010100010000000000000000
01001101110001100000000000000000
01010100001001100000000000000000
01101000000101000000000000000000
01011100001001010000000000000000
01011101110011000000000000000000
01000001111111010000000000000000
01100011100111000000000000000000
01000100111010000000000000000000
01000001111100000000000000000000
01010110101110010000000000000000
01010001011101100000000000000000
01010101011110100000000000000000
01010100010111100000000000000000
01011100111001100000000000000000
00111101111010000000000000000000
01010001100001100000000000000000
01011101000111000000000000000000
01000001010111000000000000000000
01011001010001110000000000000000
01100101011001000000000000000000
01010000011111000000000000000000
01001001110000110000000000000000
01011010001111000000000000000000
01010100001000010000000000000000
01010010101100100000000000000000
01001101000011010000000000000000
01000001011001000000000000000000
01000101111110100000000000000000
01100011010001010000000000000000
01011101111000000000000000000000
01011100100001010000000000000000
01000110001110110000000000000000
01011001101001110000000000000000
01010000101010010000000000000000
01000011100001000000000000000000
01010000001111000000000000000000
01011110001000110000000000000000
01000010101010100000000000000000
01001100010000000000000000000000
01000101010001110000000000000000
01001100001001110000000000000000
01010111110101010000000000000000
01010111101100010000000000000000
01001000001111100000000000000000
01001000101000000000000000000000
01001110100000010000000000000000
01101000101011000000000000000000
01010101101110000000000000000000
01000101011110010000000000000000
01010110110000110000000000000000
01010000010101100000000000000000
01000100101010000000000000000000
01011001011111010000000000000000
01011001100100110000000000000000
01100011110000000000000000000000
01010001100110000000000000000000
01011110001101110000000000000000
01001100110010110000000000000000
01000110001000000000000000000000
01100010111011000000000000000000
01011011100010000000000000000000
01010101011101000000000000000000
01010001111100100000000000000000
01010111000001000000000000000000
01010111101011010000000000000000
01011101000101000000000000000000
01010101111010010000000000000000
01000111010111000000000000000000
01010100110110000000000000000000
01010010111010010000000000000000
01100001010000110000000000000000
01010110110011110000000000000000
01010000100010000000000000000000
01010110111101110000000000000000
01010010000011000000000000000000
01001111010101100000000000000000
01000000110001100000000000000000
01010010101111000000000000000000
01001001010000010000000000000000
01000011111011000000000000000000
01011110110100100000000000000000
01001101111010010000000000000000
01011001100000100000000000000000
01011111111011110000000000000000
01011001010100000000000000000000
01001100101101110000000000000000
01010011000011110000000000000000
01010011000011000000000000000000
01100001000011000000000000000000
01010001010011010000000000000000
01011011101110110000000000000000
01000100000000100000000000000000
01011110001011010000000000000000
01010011110110110000000000000000
01010110111101100000000000000000
01011100100111000000000000000000
01100001100011010000000000000000
01010100101100100000000000000000
01100100010111000000000000000000
01001000001110010000000000000000
01100001001101100000000000000000
01000011110010000000000000000000
01010110101011000000000000000000
01101000101011100000000000000000
01100011101011010000000000000000
01011110000110010000000000000000
01010111101111000000000000000000
01001001100001100000000000000000
01001100101011000000000000000000
01010100000010100000000000000000
01000101001100010000000000000000
01011000001001010000000000000000
01001001101011100000000000000000
01100100100111010000000000000000
01010011001010110000000000000000
01010011010110100000000000000000
01001101110110000000000000000000
01011011001011100000000000000000
01000001110011000000000000000000
01010000100100110000000000000000
01001010000111000000000000000000
01011000101101100000000000000000
01100000010110110000000000000000
01010011101011110000000000000000
01001110111100100000000000000000
01100001101110010000000000000000
01010010000010000000000000000000
01001101101001110000000000000000
01001101111101110000000000000000
01010001101111100000000000000000
01011100101101000000000000000000
01100010001010010000000000000000
01011000101001000000000000000000
01010101000011100000000000000000
01001101110010010000000000000000
01011010100110000000000000000000
01000110010000000000000000000000
01000000110001100000000000000000
01001111101110010000000000000000
01000101000010110000000000000000
01100110110110110000000000000000
01100011000110000000000000000000
01011001011000010000000000000000
01001101111110100000000000000000
01000110101001000000000000000000
01000011010010100000000000000000
01000111100110100000000000000000
01011000111001010000000000000000
01001011110111110000000000000000
01011011001010010000000000000000
01011011100100000000000000000000
01000011010110110000000000000000
01011010111010100000000000000000
01000111010100010000000000000000
01011101011011010000000000000000
01001010010001000000000000000000
01010110110100010000000000000000
01100001000010100000000000000000
01010011001101110000000000000000
01000111110001000000000000000000
01001100111110000000000000000000
01100010100001000000000000000000
01010001110000000000000000000000
01011110101010110000000000000000
01100000101011010000000000000000
01100101111010110000000000000000
01011000111010100000000000000000
01001010001111010000000000000000
01001111101100000000000000000000
01011110001110010000000000000000
01010100010011000000000000000000
01000000101000000000000000000000
01010100111111110000000000000000
01010011011001100000000000000000
01011110010100100000000000000000
01001000000111110000000000000000
01101101001011110000000000000000
01010101011110000000000000000000
01010100000010010000000000000000
01011000110010000000000000000000
01011001100000110000000000000000
01010100001010000000000000000000
01100001110111000000000000000000
01010011010000100000000000000000
01010101011101000000000000000000
01010000000101110000000000000000
01010100100100110000000000000000
00111111110101000000000000000000
01011001000010100000000000000000
01010110000110110000000000000000
01010001100010110000000000000000
01000110011100000000000000000000
01010010010000110000000000000000
01100000010010100000000000000000
01010110111010110000000000000000
01010101110110110000000000000000
01001110101110100000000000000000
01001010110111010000000000000000
01010100011111110000000000000000
01000111100101000000000000000000
01001110111000010000000000000000
01010110110001010000000000000000
01011000000001100000000000000000
01100011000011000000000000000000
01010110010001110000000000000000
01001110100001000000000000000000
01010111110000100000000000000000
01010100100100100000000000000000
01001111100010100000000000000000
01011001111001110000000000000000
01001101000010010000000000000000
01011100100111000000000000000000
01011000011010000000000000000000
01001101001000100000000000000000
01011100111010000000000000000000
01000100101101000000000000000000
01000000100011010000000000000000
01001100101001000000000000000000
01011000101110010000000000000000
01100100000011000000000000000000
01000011001110000000000000000000
01010100000010100000000000000000
01001001100000110000000000000000
01011011101110110000000000000000
01001010001010000000000000000000
01010011100111000000000000000000
01000101001001000000000000000000
01011000000011110000000000000000
01101001110100110000000000000000
01010101110110110000000000000000
01010100000100110000000000000000
01001011011010000000000000000000
01011010110101110000000000000000
01000100010111010000000000000000
01011101010100100000000000000000
01100101011010010000000000000000
01001010101111110000000000000000
01000010011101010000000000000000
01010010001110110000000000000000
01001110101000000000000000000000
01011101100001110000000000000000
01010100011100100000000000000000
01011101000111000000000000000000
01000111010101000000000000000000
01001010011001100000000000000000
01101000111010100000000000000000
01001101000100110000000000000000
01010100010101100000000000000000
01000011110000100000000000000000
01001100100101100000000000000000
01001001100010000000000000000000
01100011001111000000000000000000
01001011111101000000000000000000
01011011010001110000000000000000
01001110011011100000000000000000
01011000100010100000000000000000
01010011001101000000000000000000
01011100000000010000000000000000
00111111000100110000000000000000
01100000110000000000000000000000
01010101010011010000000000000000
01010101101010110000000000000000
01010100010000110000000000000000
01001101010100010000000000000000
01010000010000100000000000000000
01010111111010010000000000000000
01011011101111010000000000000000
01100100011111000000000000000000
01011100110000110000000000000000
01010111111000100000000000000000
01001001010110100000000000000000
01010100001000010000000000000000
01010011011101010000000000000000
01001000111010100000000000000000
01100100010100100000000000000000
01010011100101010000000000000000
01010011111001110000000000000000
01011010000011010000000000000000
01011100111000100000000000000000
01101000010000110000000000000000
01001111100110110000000000000000
01001101001101010000000000000000
01100011011101000000000000000000
01001011111100000000000000000000
01010011001100000000000000000000
01011000000000000000000000000000
01011101001110100000000000000000
01011111011100100000000000000000
01000100111011110000000000000000
01011001110110010000000000000000
01001110101001100000000000000000
01100011000111110000000000000000
01001101100101100000000000000000
01010110000011110000000000000000
01000110000010100000000000000000
01010100101110100000000000000000
01000000110010010000000000000000
01011011100000010000000000000000
01010011010001100000000000000000
01100011010100000000000000000000
01010100101101100000000000000000
01001000010111110000000000000000
01010101011100100000000000000000
01011110000101010000000000000000
01100001000010010000000000000000
01001001000100110000000000000000
01010100101101110000000000000000
01010101101001110000000000000000
01000100100011010000000000000000
01011000101011000000000000000000
01100001101001000000000000000000
01011100100101100000000000000000
01000011010111000000000000000000
01000101111011100000000000000000
01000111110001110000000000000000
01001000000000010000000000000000
01010011100011100000000000000000
01011010010010100000000000000000
01101000000011000000000000000000
01011010101001100000000000000000
01001100000101110000000000000000
01001011110001010000000000000000
01010111101100010000000000000000
01100110001111110000000000000000
01010101111110100000000000000000
01010110010010100000000000000000
01001100100001000000000000000000
01010000010011110000000000000000
01010101110100100000000000000000
01011111100010010000000000000000
00111111001001010000000000000000
01001011101010100000000000000000
01100110110001000000000000000000
01011011000010010000000000000000
01100011011111100000000000000000
01000010000010110000000000000000
01011011000110110000000000000000
01001011100001000000000000000000
01011111101111110000000000000000
01000100111011100000000000000000
01010011111111100000000000000000
01001010000001000000000000000000
01100000010001010000000000000000
01010010101010100000000000000000
00111110011100000000000000000000
01010111010110100000000000000000
01010101100101000000000000000000
01001010011101100000000000000000
01011001100001100000000000000000
01010100101011010000000000000000
01001001011000100000000000000000
01010000111110000000000000000000
01010011101010000000000000000000
01001011100011110000000000000000
01010110111001110000000000000000
01001111111000100000000000000000
01100001010110100000000000000000
01001101100100010000000000000000
01011100100000000000000000000000
01000010010010010000000000000000
01010000000110000000000000000000
01000111111001110000000000000000
01010010010000000000000000000000
01101011011010000000000000000000
01010000000000110000000000000000
01000111111000010000000000000000
01010100110001100000000000000000
01010010010011110000000000000000
01010010101010010000000000000000
01010011100101110000000000000000
01011100000010110000000000000000
01011100101001000000000000000000
01001100011000100000000000000000
01001111101101100000000000000000
01001001001000010000000000000000
01001111010100000000000000000000
01000001111000010000000000000000
01011011100100100000000000000000
01001110100100000000000000000000
01100011010001100000000000000000
01001111110000100000000000000000
00111100110011010000000000000000
01011001110000110000000000000000
01011011001100010000000000000000
01101010110100000000000000000000
01001111110000000000000000000000
01010101000110110000000000000000
01001101000011100000000000000000
01010100100100010000000000000000
01010001010110010000000000000000
01001100111011000000000000000000
01011110000100110000000000000000
01001001001111110000000000000000
01010110000110010000000000000000
01001001000101110000000000000000
01100000000001100000000000000000
01010011010011010000000000000000
01010000011000110000000000000000
01100100101000100000000000000000
01010111100010010000000000000000
01000000100001010000000000000000
01001011001100110000000000000000
01010101110001100000000000000000
01001001000010010000000000000000
01001011000101010000000000000000
01011100001010110000000000000000
01000100100010110000000000000000
01001000101010010000000000000000
01001110000011100000000000000000
01001101001100110000000000000000
01011101011100100000000000000000
01001110101010110000000000000000
01011010010100100000000000000000
01011000000110000000000000000000
01001110011001000000000000000000
01010110011001010000000000000000
01001100110111100000000000000000
01010001101001010000000000000000
01001011100000100000000000000000
01001010000001000000000000000000
01100011010000010000000000000000
01011000010011010000000000000000
01010111111001000000000000000000
01011001101000100000000000000000
01100100001001110000000000000000
01010001100011010000000000000000
01010101010100010000000000000000
01001111100011010000000000000000
01001010100001100000000000000000
01100110010011010000000000000000
01011000010010000000000000000000
01011001001010000000000000000000
01000011110110110000000000000000
01001111101001100000000000000000
01101000011101110000000000000000
01011001100001100000000000000000
01011010101101000000000000000000
01010111010101110000000000000000
01010011100111100000000000000000
01010001011011100000000000000000
01001001101011010000000000000000
01011011100110000000000000000000
01010110010000000000000000000000
01011000001001010000000000000000
01001101011101000000000000000000
01000010110000000000000000000000
01100010101110000000000000000000
01010011110111000000000000000000
00111110101011000000000000000000
01010000101101110000000000000000
01011011101001110000000000000000
01001111001011010000000000000000
01010101101100000000000000000000
01001101100010000000000000000000
01001111111111010000000000000000
01001110101010010000000000000000
01010111010100010000000000000000
01001001111001100000000000000000
01000110000000110000000000000000
01100010001110100000000000000000
01001111110101100000000000000000
01100110100000110000000000000000
01010000111010100000000000000000
01000000011110010000000000000000
01010011010100110000000000000000
01001101001100010000000000000000
01011110000000110000000000000000
01011101011011000000000000000000
01001100001111110000000000000000
01010111001111000000000000000000
01000000110100000000000000000000
01010110100000010000000000000000
01011110100101100000000000000000
01011111101100110000000000000000
01010101100011000000000000000000
00111111111100100000000000000000
01011011000100000000000000000000
01011001011111000000000000000000
01010010001011110000000000000000
01001011010111100000000000000000
01000101110011110000000000000000
01001101011001110000000000000000
01010100110000100000000000000000
01011000111101000000000000000000
01011101011000110000000000000000
01011101100011000000000000000000
01001010101001000000000000000000
00111111010000010000000000000000
01011000100000010000000000000000
01010000000001000000000000000000
01011101000001110000000000000000
01010010101001100000000000000000
01001001111011100000000000000000
01000011010001000000000000000000
01100001010100100000000000000000
01100110111100000000000000000000
01100011111101010000000000000000
01001011010101010000000000000000
01011111001000000000000000000000
01010010110011110000000000000000
01001001100100000000000000000000
01011111011101100000000000000000
01011100110111010000000000000000
01100011111001110000000000000000
01010010000100100000000000000000
01010001101100010000000000000000
01001011100101100000000000000000
01001010010101100000000000000000
01011000001100110000000000000000
01010111110111100000000000000000
01001101100100100000000000000000
01001100000100110000000000000000
01011100100110010000000000000000
01011110100100010000000000000000
01100110110110100000000000000000
01001101001010000000000000000000
01001010010101010000000000000000
01001000001100000000000000000000
01010100110011110000000000000000
01010010011111110000000000000000
01010110001000000000000000000000
00111111101111000000000000000000
01011101000001100000000000000000
01011110001101110000000000000000
01001101100011100000000000000000
01011000010001010000000000000000
01010100100111110000000000000000
01010010100100110000000000000000
01010110011010000000000000000000
01010111111001110000000000000000
01000100011000100000000000000000
01000110010011010000000000000000
01001111111111010000000000000000
01011111011001110000000000000000
01011101001010010000000000000000
01001110010001100000000000000000
01000100010110000000000000000000
01000111110100010000000000000000
01100110000100100000000000000000
01001100001100100000000000000000
01011100010001100000000000000000
01001011100100000000000000000000
01100011111011000000000000000000
01001000100101100000000000000000
01011001001010010000000000000000
01011101010111010000000000000000
01000111111111010000000000000000
01010111110110100000000000000000
01101001111101100000000000000000
01010010101100000000000000000000
01001101110111110000000000000000
01001011101010100000000000000000
01011010011101100000000000000000
01100010011000110000000000000000
00111111101001010000000000000000
01011010001100110000000000000000
01001001110100100000000000000000
01010000110000000000000000000000
01001101101011110000000000000000
01001010101100010000000000000000
01011010010000000000000000000000
01100011101011100000000000000000
01000001101110000000000000000000
01100010101100010000000000000000
01001101100110100000000000000000
01011000000010000000000000000000
01010111001110000000000000000000
01001010010110100000000000000000
01010011001011100000000000000000
01000000110010100000000000000000
00111111100111100000000000000000
01010101001010110000000000000000
01000111101000010000000000000000
01011011000011010000000000000000
01101000100110000000000000000000
01001011110000100000000000000000
01010111010010000000000000000000
01011111000000100000000000000000
01010001100000110000000000000000
01100101010111100000000000000000
01010011100100100000000000000000
01001000010011010000000000000000
01001010100100000000000000000000
01001111101111000000000000000000
01000011111000010000000000000000
01011010110100000000000000000000
01001100001110010000000000000000
01011100001101010000000000000000
01001001110001100000000000000000
01001110100100100000000000000000
01011011001100010000000000000000
01100010101100110000000000000000
01010010001010010000000000000000
01010101000110110000000000000000
01011111100010010000000000000000
01001101000010000000000000000000
01000101001100000000000000000000
01100110111010010000000000000000
01001101001101110000000000000000
01001110001111000000000000000000
01100011000000110000000000000000
01000000000001000000000000000000
01100111100111010000000000000000
01100110010011010000000000000000
01010011001001000000000000000000
01010111101100100000000000000000
01100001011010010000000000000000
01001100000011000000000000000000
01010011110111010000000000000000
01010111111000000000000000000000
01010100101101100000000000000000
01011001000000000000000000000000
01001110100101110000000000000000
01011101001010000000000000000000
01100100100010110000000000000000
01000110111111100000000000000000
01010111110010100000000000000000
01100001010011010000000000000000
01000110110110100000000000000000
01001100000111000000000000000000
01000110101011100000000000000000
01001101100011110000000000000000
01010100110110100000000000000000
01010010101100010000000000000000
01010101000111110000000000000000
01010011101110010000000000000000
01010001010110010000000000000000
01011000000101000000000000000000
01011010100011010000000000000000
01010000001001100000000000000000
01001010000000110000000000000000
01100100000100000000000000000000
01010000101001000000000000000000
01010011100000010000000000000000
01001100000110110000000000000000
01100011000111110000000000000000
01001000001000000000000000000000
01010110110010010000000000000000
01010000100110000000000000000000
01100111001100100000000000000000
01010011100101110000000000000000
01011111010011110000000000000000
01010011001011010000000000000000
01001001000100100000000000000000
01010010110010000000000000000000
01001110100101010000000000000000
01100010000100010000000000000000
01011001100010010000000000000000
01100001110100110000000000000000
01001101111110110000000000000000
01011000001100000000000000000000
01001001100010100000000000000000
01001100100111010000000000000000
01000110111011000000000000000000
01010000011011000000000000000000
01000101101011000000000000000000
01000010100111100000000000000000
01010000011011100000000000000000
01000111101100100000000000000000
01010111111110010000000000000000
01000000110000000000000000000000
01010010101111000000000000000000
01101001111101000000000000000000
01010100011110000000000000000000
01011100111011000000000000000000
01001011100110000000000000000000
01011101010000100000000000000000
01011101100010110000000000000000
01011010101010100000000000000000
01001010101010100000000000000000
01011111001111110000000000000000
01010111011101100000000000000000
01001111010010100000000000000000
00111101101110100000000000000000
01001011011101110000000000000000
01000111110011110000000000000000
01001100000010100000000000000000
01101010010011000000000000000000
01010111100100010000000000000000
01010010000101110000000000000000
01001110010011110000000000000000
01011010011101010000000000000000
01101001101001010000000000000000
01100000111001000000000000000000
01000101101111100000000000000000
01011110111101110000000000000000
01000110010010000000000000000000
01010000100110100000000000000000
01001101101000000000000000000000
01100000011111000000000000000000
01010100011101110000000000000000
01010100111011000000000000000000
01001101110001100000000000000000
01011101101101000000000000000000
01100110000101010000000000000000
01100111011111000000000000000000
01010101100010110000000000000000
01100000111000100000000000000000
01010001100110010000000000000000
01011011000010100000000000000000
01010100001011110000000000000000
01010101000101110000000000000000
01000110101011110000000000000000
01000100111001110000000000000000
01011110101100000000000000000000
01000000110000010000000000000000
01000101111111000000000000000000
01010110011011100000000000000000
01010011011010100000000000000000
01010101010101000000000000000000
01000101110011110000000000000000
01100000110000110000000000000000
01011000010100100000000000000000
01011100000110110000000000000000
01000111011100010000000000000000
01010001010011000000000000000000
01000111110000000000000000000000
01010001110101110000000000000000
01101000100000000000000000000000
01010001100101010000000000000000
01010000000001100000000000000000
01011000100010000000000000000000
01011010100011100000000000000000
01010101110110110000000000000000
01010101100111110000000000000000
01100010110100010000000000000000
01011010010101110000000000000000
01010101000001100000000000000000
01000011111000110000000000000000
01001011011010100000000000000000
01100101000110000000000000000000
01010110010001100000000000000000
01001011001100010000000000000000
01000111010010100000000000000000
01010101011011000000000000000000
01011000011001010000000000000000
01010001010111100000000000000000
01011111100010100000000000000000
01011010101010000000000000000000
01010000111000100000000000000000
01010011100110000000000000000000
01100111111111010000000000000000
01100000000111000000000000000000
01011010100011000000000000000000
01001000111110100000000000000000
01001011001100000000000000000000
01001011001111110000000000000000
01001001110000100000000000000000
01100001110101100000000000000000
01001010100001000000000000000000
01001101001001000000000000000000
01010001001001000000000000000000
01010111101100100000000000000000
01001101001101100000000000000000
01001111111101010000000000000000
01001100011101110000000000000000
01001100110001110000000000000000
01010110000000100000000000000000
01011110101010100000000000000000
01011100001101110000000000000000
01010010101010000000000000000000
01010111000001000000000000000000
01010111000100110000000000000000
01001101101011100000000000000000
01001000010110010000000000000000
01011101101010000000000000000000
01011110101010000000000000000000
01101001000101100000000000000000
01100111000100110000000000000000
01010110010110100000000000000000
01010000100101100000000000000000
01100100011010000000000000000000
01001101111011110000000000000000
01011111100010000000000000000000
01101001110011110000000000000000
01001001110011010000000000000000
01001011100110110000000000000000
01001100111000110000000000000000
01001110101110000000000000000000
01100001110101000000000000000000
01011011101001110000000000000000
01010100010110010000000000000000
01011000111000100000000000000000
01000111100100100000000000000000
01001100111011100000000000000000
01001000010111100000000000000000
01001110001000110000000000000000
01010010100100010000000000000000
01001101110011100000000000000000
01011000100001100000000000000000
01010101111100010000000000000000
01000010100111000000000000000000
01001111011001010000000000000000
01100011111111010000000000000000
01100100010101100000000000000000
01100101000101110000000000000000
01001010110110010000000000000000
01010111010010100000000000000000
01011110111000110000000000000000
01010100100000010000000000000000
01011111011111000000000000000000
01010001111110010000000000000000
01011110110011110000000000000000
01011010010100110000000000000000
01000111010011010000000000000000
01010010101010100000000000000000
01010011110110100000000000000000
01100001111011000000000000000000
01011101010011110000000000000000
01000110100111010000000000000000
01010100010011110000000000000000
01000101001001010000000000000000
01010100110111100000000000000000
01000000100100110000000000000000
01001010100111100000000000000000
01010111110000000000000000000000
01000100010000110000000000000000
01101011110111110000000000000000
01010101001110100000000000000000
01011010101111100000000000000000
01010000010001010000000000000000
01011111000110110000000000000000
01001101000001000000000000000000
01011100111100000000000000000000
01010001000110100000000000000000
01000111011110110000000000000000
01100111101001110000000000000000
01000100011001010000000000000000
01010110111101010000000000000000
01011011010100010000000000000000
01010001010100110000000000000000
01100011110110100000000000000000
01000111011001000000000000000000
01010101000100110000000000000000
01001000001110000000000000000000
