11010110100110100000000000000000
11100100111000000000000000000000
11001101110100000000000000000000
11011100011101100000000000000000
11010011101101110000000000000000
11011001010011010000000000000000
11011100001100100000000000000000
11010010101001110000000000000000
11001101110111000000000000000000
11001111111010000000000000000000
11100101010101100000000000000000
11001001111100000000000000000000
11011110010100000000000000000000
11011111100001100000000000000000
11001101010110010000000000000000
11001000110000010000000000000000
11010101010000110000000000000000
11010101011111000000000000000000
11010011100101100000000000000000
11100011000011010000000000000000
11011111000101000000000000000000
11001110001010100000000000000000
11001100101010000000000000000000
11100101001011110000000000000000
11010010000010100000000000000000
11001101100000110000000000000000
11010001011001100000000000000000
11100011010001100000000000000000
11010011010011110000000000000000
10111111110011000000000000000000
11011001101010000000000000000000
11011101000101010000000000000000
11001010101111000000000000000000
11011111010101110000000000000000
11001000011110110000000000000000
11000110100001000000000000000000
11001111101111110000000000000000
11011111110110100000000000000000
11010011100110110000000000000000
11010000011101010000000000000000
11001111111100010000000000000000
11010001000110100000000000000000
11010101110010100000000000000000
11010011111000100000000000000000
11010001100011100000000000000000
11000111110001100000000000000000
11011000001011110000000000000000
11010010101001100000000000000000
11001000110111100000000000000000
11010011110101110000000000000000
11010011000111000000000000000000
11000101110101010000000000000000
11001001010001010000000000000000
11001000000001010000000000000000
11001010101010110000000000000000
11010000111101000000000000000000
10111111011001000000000000000000
11010010011110100000000000000000
11100111111011010000000000000000
11100001001111010000000000000000
11001101110111000000000000000000
11011010100100000000000000000000
11001100111001110000000000000000
11011011001110010000000000000000
11011110100111000000000000000000
11011011000011110000000000000000
11011000011011100000000000000000
11010001010010010000000000000000
11010010101000010000000000000000
11001101110010100000000000000000
11011010110010000000000000000000
11001001010011110000000000000000
11010110001101110000000000000000
11100001011110000000000000000000
11010110100101100000000000000000
11001111001000010000000000000000
11001101100011000000000000000000
11100010100010010000000000000000
11000100101101110000000000000000
11100110010011010000000000000000
11001101101111010000000000000000
11001000100000010000000000000000
11001010011011100000000000000000
11010011011101100000000000000000
11101001000000000000000000000000
11001011101011110000000000000000
11100011000111100000000000000000
11000000010101110000000000000000
11010111001101010000000000000000
11011101100100010000000000000000
11010111110000100000000000000000
11101010101000000000000000000000
11001101101111000000000000000000
11000111011100110000000000000000
11001110000001000000000000000000
11010000011100000000000000000000
11000111100100000000000000000000
11010110010010010000000000000000
11001001010110110000000000000000
11100110101000110000000000000000
11001001010101010000000000000000
11000100100001100000000000000000
11011011011101000000000000000000
11001011001000100000000000000000
11010110110011110000000000000000
11000010001000000000000000000000
11011101101100100000000000000000
11001111110110100000000000000000
11010111101001010000000000000000
11001010101001110000000000000000
11001001000111010000000000000000
11011001100000000000000000000000
11001100111011110000000000000000
11011010110111100000000000000000
11010001000100000000000000000000
11010001101001110000000000000000
11010101000101010000000000000000
11010011011001010000000000000000
11010111111111010000000000000000
11100101010001110000000000000000
11001110110111010000000000000000
11001001001001110000000000000000
11001011110111110000000000000000
11011011001110110000000000000000
11100010110111000000000000000000
11010101101000000000000000000000
11010110111010100000000000000000
11001001100011000000000000000000
11001111110100010000000000000000
11010001001011010000000000000000
11100010111111010000000000000000
10111111010011110000000000000000
11010110000111110000000000000000
11010000110101010000000000000000
11001110101000110000000000000000
11001011111001100000000000000000
11001000001011000000000000000000
11011000100111000000000000000000
11010111110111000000000000000000
11011001110100110000000000000000
11011100000110110000000000000000
11001000101000010000000000000000
11000000111010000000000000000000
11011001011010100000000000000000
11011001101001110000000000000000
11010001101001010000000000000000
11101001011011110000000000000000
11011011111000010000000000000000
11000001100010000000000000000000
11010111010011100000000000000000
11010110001001110000000000000000
11010001110011000000000000000000
11011110110101000000000000000000
11010001101001100000000000000000
11000010100101000000000000000000
11011100001010000000000000000000
11011000001101110000000000000000
11010010110010000000000000000000
11010001110100100000000000000000
11100101101111110000000000000000
11010100001100000000000000000000
11000111101110010000000000000000
11010011110001000000000000000000
11010101111001010000000000000000
11001101010100010000000000000000
11001101110001100000000000000000
11010100001001100000000000000000
11101000000101000000000000000000
11011100001001010000000000000000
11011101110011000000000000000000
11000001111111010000000000000000
11100011100111000000000000000000
11000100111010000000000000000000
11000001111100000000000000000000
11010110101110010000000000000000
11010001011101100000000000000000
11010101011110100000000000000000
11010100010111100000000000000000
11011100111001100000000000000000
10111101111010000000000000000000
11010001100001100000000000000000
11011101000111000000000000000000
11000001010111000000000000000000
11011001010001110000000000000000
11100101011001000000000000000000
11010000011111000000000000000000
11001001110000110000000000000000
11011010001111000000000000000000
11010100001000010000000000000000
11010010101100100000000000000000
11001101000011010000000000000000
11000001011001000000000000000000
11000101111110100000000000000000
11100011010001010000000000000000
11011101111000000000000000000000
11011100100001010000000000000000
11000110001110110000000000000000
11011001101001110000000000000000
11010000101010010000000000000000
11000011100001000000000000000000
11010000001111000000000000000000
11011110001000110000000000000000
11000010101010100000000000000000
11001100010000000000000000000000
11000101010001110000000000000000
11001100001001110000000000000000
11010111110101010000000000000000
11010111101100010000000000000000
11001000001111100000000000000000
11001000101000000000000000000000
11001110100000010000000000000000
11101000101011000000000000000000
11010101101110000000000000000000
11000101011110010000000000000000
11010110110000110000000000000000
11010000010101100000000000000000
11000100101010000000000000000000
11011001011111010000000000000000
11011001100100110000000000000000
11100011110000000000000000000000
11010001100110000000000000000000
11011110001101110000000000000000
11001100110010110000000000000000
11000110001000000000000000000000
11100010111011000000000000000000
11011011100010000000000000000000
11010101011101000000000000000000
11010001111100100000000000000000
11010111000001000000000000000000
11010111101011010000000000000000
11011101000101000000000000000000
11010101111010010000000000000000
11000111010111000000000000000000
11010100110110000000000000000000
11010010111010010000000000000000
11100001010000110000000000000000
11010110110011110000000000000000
11010000100010000000000000000000
11010110111101110000000000000000
11010010000011000000000000000000
11001111010101100000000000000000
11000000110001100000000000000000
11010010101111000000000000000000
11001001010000010000000000000000
11000011111011000000000000000000
11011110110100100000000000000000
11001101111010010000000000000000
11011001100000100000000000000000
11011111111011110000000000000000
11011001010100000000000000000000
11001100101101110000000000000000
11010011000011110000000000000000
11010011000011000000000000000000
11100001000011000000000000000000
11010001010011010000000000000000
11011011101110110000000000000000
11000100000000100000000000000000
11011110001011010000000000000000
11010011110110110000000000000000
11010110111101100000000000000000
11011100100111000000000000000000
11100001100011010000000000000000
11010100101100100000000000000000
11100100010111000000000000000000
11001000001110010000000000000000
11100001001101100000000000000000
11000011110010000000000000000000
11010110101011000000000000000000
11101000101011100000000000000000
11100011101011010000000000000000
11011110000110010000000000000000
11010111101111000000000000000000
11001001100001100000000000000000
11001100101011000000000000000000
11010100000010100000000000000000
11000101001100010000000000000000
11011000001001010000000000000000
11001001101011100000000000000000
11100100100111010000000000000000
11010011001010110000000000000000
11010011010110100000000000000000
11001101110110000000000000000000
11011011001011100000000000000000
11000001110011000000000000000000
11010000100100110000000000000000
11001010000111000000000000000000
11011000101101100000000000000000
11100000010110110000000000000000
11010011101011110000000000000000
11001110111100100000000000000000
11100001101110010000000000000000
11010010000010000000000000000000
11001101101001110000000000000000
11001101111101110000000000000000
11010001101111100000000000000000
11011100101101000000000000000000
11100010001010010000000000000000
11011000101001000000000000000000
11010101000011100000000000000000
11001101110010010000000000000000
11011010100110000000000000000000
11000110010000000000000000000000
11000000110001100000000000000000
11001111101110010000000000000000
11000101000010110000000000000000
11100110110110110000000000000000
11100011000110000000000000000000
11011001011000010000000000000000
11001101111110100000000000000000
11000110101001000000000000000000
11000011010010100000000000000000
11000111100110100000000000000000
11011000111001010000000000000000
11001011110111110000000000000000
11011011001010010000000000000000
11011011100100000000000000000000
11000011010110110000000000000000
11011010111010100000000000000000
11000111010100010000000000000000
11011101011011010000000000000000
11001010010001000000000000000000
11010110110100010000000000000000
11100001000010100000000000000000
11010011001101110000000000000000
11000111110001000000000000000000
11001100111110000000000000000000
11100010100001000000000000000000
11010001110000000000000000000000
11011110101010110000000000000000
11100000101011010000000000000000
11100101111010110000000000000000
11011000111010100000000000000000
11001010001111010000000000000000
11001111101100000000000000000000
11011110001110010000000000000000
11010100010011000000000000000000
11000000101000000000000000000000
11010100111111110000000000000000
11010011011001100000000000000000
11011110010100100000000000000000
11001000000111110000000000000000
11101101001011110000000000000000
11010101011110000000000000000000
11010100000010010000000000000000
11011000110010000000000000000000
11011001100000110000000000000000
11010100001010000000000000000000
11100001110111000000000000000000
11010011010000100000000000000000
11010101011101000000000000000000
11010000000101110000000000000000
11010100100100110000000000000000
10111111110101000000000000000000
11011001000010100000000000000000
11010110000110110000000000000000
11010001100010110000000000000000
11000110011100000000000000000000
11010010010000110000000000000000
11100000010010100000000000000000
11010110111010110000000000000000
11010101110110110000000000000000
11001110101110100000000000000000
11001010110111010000000000000000
11010100011111110000000000000000
11000111100101000000000000000000
11001110111000010000000000000000
11010110110001010000000000000000
11011000000001100000000000000000
11100011000011000000000000000000
11010110010001110000000000000000
11001110100001000000000000000000
11010111110000100000000000000000
11010100100100100000000000000000
11001111100010100000000000000000
11011001111001110000000000000000
11001101000010010000000000000000
11011100100111000000000000000000
11011000011010000000000000000000
11001101001000100000000000000000
11011100111010000000000000000000
11000100101101000000000000000000
11000000100011010000000000000000
11001100101001000000000000000000
11011000101110010000000000000000
11100100000011000000000000000000
11000011001110000000000000000000
11010100000010100000000000000000
11001001100000110000000000000000
11011011101110110000000000000000
11001010001010000000000000000000
11010011100111000000000000000000
11000101001001000000000000000000
11011000000011110000000000000000
11101001110100110000000000000000
11010101110110110000000000000000
11010100000100110000000000000000
11001011011010000000000000000000
11011010110101110000000000000000
11000100010111010000000000000000
11011101010100100000000000000000
11100101011010010000000000000000
11001010101111110000000000000000
11000010011101010000000000000000
11010010001110110000000000000000
11001110101000000000000000000000
11011101100001110000000000000000
11010100011100100000000000000000
11011101000111000000000000000000
11000111010101000000000000000000
11001010011001100000000000000000
11101000111010100000000000000000
11001101000100110000000000000000
11010100010101100000000000000000
11000011110000100000000000000000
11001100100101100000000000000000
11001001100010000000000000000000
11100011001111000000000000000000
11001011111101000000000000000000
11011011010001110000000000000000
11001110011011100000000000000000
11011000100010100000000000000000
11010011001101000000000000000000
11011100000000010000000000000000
10111111000100110000000000000000
11100000110000000000000000000000
11010101010011010000000000000000
11010101101010110000000000000000
11010100010000110000000000000000
11001101010100010000000000000000
11010000010000100000000000000000
11010111111010010000000000000000
11011011101111010000000000000000
11100100011111000000000000000000
11011100110000110000000000000000
11010111111000100000000000000000
11001001010110100000000000000000
11010100001000010000000000000000
11010011011101010000000000000000
11001000111010100000000000000000
11100100010100100000000000000000
11010011100101010000000000000000
11010011111001110000000000000000
11011010000011010000000000000000
11011100111000100000000000000000
11101000010000110000000000000000
11001111100110110000000000000000
11001101001101010000000000000000
11100011011101000000000000000000
11001011111100000000000000000000
11010011001100000000000000000000
11011000000000000000000000000000
11011101001110100000000000000000
11011111011100100000000000000000
11000100111011110000000000000000
11011001110110010000000000000000
11001110101001100000000000000000
11100011000111110000000000000000
11001101100101100000000000000000
11010110000011110000000000000000
11000110000010100000000000000000
11010100101110100000000000000000
11000000110010010000000000000000
11011011100000010000000000000000
11010011010001100000000000000000
11100011010100000000000000000000
11010100101101100000000000000000
11001000010111110000000000000000
11010101011100100000000000000000
11011110000101010000000000000000
11100001000010010000000000000000
11001001000100110000000000000000
11010100101101110000000000000000
11010101101001110000000000000000
11000100100011010000000000000000
11011000101011000000000000000000
11100001101001000000000000000000
11011100100101100000000000000000
11000011010111000000000000000000
11000101111011100000000000000000
11000111110001110000000000000000
11001000000000010000000000000000
11010011100011100000000000000000
11011010010010100000000000000000
11101000000011000000000000000000
11011010101001100000000000000000
11001100000101110000000000000000
11001011110001010000000000000000
11010111101100010000000000000000
11100110001111110000000000000000
11010101111110100000000000000000
11010110010010100000000000000000
11001100100001000000000000000000
11010000010011110000000000000000
11010101110100100000000000000000
11011111100010010000000000000000
10111111001001010000000000000000
11001011101010100000000000000000
11100110110001000000000000000000
11011011000010010000000000000000
11100011011111100000000000000000
11000010000010110000000000000000
11011011000110110000000000000000
11001011100001000000000000000000
11011111101111110000000000000000
11000100111011100000000000000000
11010011111111100000000000000000
11001010000001000000000000000000
11100000010001010000000000000000
11010010101010100000000000000000
10111110011100000000000000000000
11010111010110100000000000000000
11010101100101000000000000000000
11001010011101100000000000000000
11011001100001100000000000000000
11010100101011010000000000000000
11001001011000100000000000000000
11010000111110000000000000000000
11010011101010000000000000000000
11001011100011110000000000000000
11010110111001110000000000000000
11001111111000100000000000000000
11100001010110100000000000000000
11001101100100010000000000000000
11011100100000000000000000000000
11000010010010010000000000000000
11010000000110000000000000000000
11000111111001110000000000000000
11010010010000000000000000000000
11101011011010000000000000000000
11010000000000110000000000000000
11000111111000010000000000000000
11010100110001100000000000000000
11010010010011110000000000000000
11010010101010010000000000000000
11010011100101110000000000000000
11011100000010110000000000000000
11011100101001000000000000000000
11001100011000100000000000000000
11001111101101100000000000000000
11001001001000010000000000000000
11001111010100000000000000000000
11000001111000010000000000000000
11011011100100100000000000000000
11001110100100000000000000000000
11100011010001100000000000000000
11001111110000100000000000000000
10111100110011010000000000000000
11011001110000110000000000000000
11011011001100010000000000000000
11101010110100000000000000000000
11001111110000000000000000000000
11010101000110110000000000000000
11001101000011100000000000000000
11010100100100010000000000000000
11010001010110010000000000000000
11001100111011000000000000000000
11011110000100110000000000000000
11001001001111110000000000000000
11010110000110010000000000000000
11001001000101110000000000000000
11100000000001100000000000000000
11010011010011010000000000000000
11010000011000110000000000000000
11100100101000100000000000000000
11010111100010010000000000000000
11000000100001010000000000000000
11001011001100110000000000000000
11010101110001100000000000000000
11001001000010010000000000000000
11001011000101010000000000000000
11011100001010110000000000000000
11000100100010110000000000000000
11001000101010010000000000000000
11001110000011100000000000000000
11001101001100110000000000000000
11011101011100100000000000000000
11001110101010110000000000000000
11011010010100100000000000000000
11011000000110000000000000000000
11001110011001000000000000000000
11010110011001010000000000000000
11001100110111100000000000000000
11010001101001010000000000000000
11001011100000100000000000000000
11001010000001000000000000000000
11100011010000010000000000000000
11011000010011010000000000000000
11010111111001000000000000000000
11011001101000100000000000000000
11100100001001110000000000000000
11010001100011010000000000000000
11010101010100010000000000000000
11001111100011010000000000000000
11001010100001100000000000000000
11100110010011010000000000000000
11011000010010000000000000000000
11011001001010000000000000000000
11000011110110110000000000000000
11001111101001100000000000000000
11101000011101110000000000000000
11011001100001100000000000000000
11011010101101000000000000000000
11010111010101110000000000000000
11010011100111100000000000000000
11010001011011100000000000000000
11001001101011010000000000000000
11011011100110000000000000000000
11010110010000000000000000000000
11011000001001010000000000000000
11001101011101000000000000000000
11000010110000000000000000000000
11100010101110000000000000000000
11010011110111000000000000000000
10111110101011000000000000000000
11010000101101110000000000000000
11011011101001110000000000000000
11001111001011010000000000000000
11010101101100000000000000000000
11001101100010000000000000000000
11001111111111010000000000000000
11001110101010010000000000000000
11010111010100010000000000000000
11001001111001100000000000000000
11000110000000110000000000000000
11100010001110100000000000000000
11001111110101100000000000000000
11100110100000110000000000000000
11010000111010100000000000000000
11000000011110010000000000000000
11010011010100110000000000000000
11001101001100010000000000000000
11011110000000110000000000000000
11011101011011000000000000000000
11001100001111110000000000000000
11010111001111000000000000000000
11000000110100000000000000000000
11010110100000010000000000000000
11011110100101100000000000000000
11011111101100110000000000000000
11010101100011000000000000000000
10111111111100100000000000000000
11011011000100000000000000000000
11011001011111000000000000000000
11010010001011110000000000000000
11001011010111100000000000000000
11000101110011110000000000000000
11001101011001110000000000000000
11010100110000100000000000000000
11011000111101000000000000000000
11011101011000110000000000000000
11011101100011000000000000000000
11001010101001000000000000000000
10111111010000010000000000000000
11011000100000010000000000000000
11010000000001000000000000000000
11011101000001110000000000000000
11010010101001100000000000000000
11001001111011100000000000000000
11000011010001000000000000000000
11100001010100100000000000000000
11100110111100000000000000000000
11100011111101010000000000000000
11001011010101010000000000000000
11011111001000000000000000000000
11010010110011110000000000000000
11001001100100000000000000000000
11011111011101100000000000000000
11011100110111010000000000000000
11100011111001110000000000000000
11010010000100100000000000000000
11010001101100010000000000000000
11001011100101100000000000000000
11001010010101100000000000000000
11011000001100110000000000000000
11010111110111100000000000000000
11001101100100100000000000000000
11001100000100110000000000000000
11011100100110010000000000000000
11011110100100010000000000000000
11100110110110100000000000000000
11001101001010000000000000000000
11001010010101010000000000000000
11001000001100000000000000000000
11010100110011110000000000000000
11010010011111110000000000000000
11010110001000000000000000000000
10111111101111000000000000000000
11011101000001100000000000000000
11011110001101110000000000000000
11001101100011100000000000000000
11011000010001010000000000000000
11010100100111110000000000000000
11010010100100110000000000000000
11010110011010000000000000000000
11010111111001110000000000000000
11000100011000100000000000000000
11000110010011010000000000000000
11001111111111010000000000000000
11011111011001110000000000000000
11011101001010010000000000000000
11001110010001100000000000000000
11000100010110000000000000000000
11000111110100010000000000000000
11100110000100100000000000000000
11001100001100100000000000000000
11011100010001100000000000000000
11001011100100000000000000000000
11100011111011000000000000000000
11001000100101100000000000000000
11011001001010010000000000000000
11011101010111010000000000000000
11000111111111010000000000000000
11010111110110100000000000000000
11101001111101100000000000000000
11010010101100000000000000000000
11001101110111110000000000000000
11001011101010100000000000000000
11011010011101100000000000000000
11100010011000110000000000000000
10111111101001010000000000000000
11011010001100110000000000000000
11001001110100100000000000000000
11010000110000000000000000000000
11001101101011110000000000000000
11001010101100010000000000000000
11011010010000000000000000000000
11100011101011100000000000000000
11000001101110000000000000000000
11100010101100010000000000000000
11001101100110100000000000000000
11011000000010000000000000000000
11010111001110000000000000000000
11001010010110100000000000000000
11010011001011100000000000000000
11000000110010100000000000000000
10111111100111100000000000000000
11010101001010110000000000000000
11000111101000010000000000000000
11011011000011010000000000000000
11101000100110000000000000000000
11001011110000100000000000000000
11010111010010000000000000000000
11011111000000100000000000000000
11010001100000110000000000000000
11100101010111100000000000000000
11010011100100100000000000000000
11001000010011010000000000000000
11001010100100000000000000000000
11001111101111000000000000000000
11000011111000010000000000000000
11011010110100000000000000000000
11001100001110010000000000000000
11011100001101010000000000000000
11001001110001100000000000000000
11001110100100100000000000000000
11011011001100010000000000000000
11100010101100110000000000000000
11010010001010010000000000000000
11010101000110110000000000000000
11011111100010010000000000000000
11001101000010000000000000000000
11000101001100000000000000000000
11100110111010010000000000000000
11001101001101110000000000000000
11001110001111000000000000000000
11100011000000110000000000000000
11000000000001000000000000000000
11100111100111010000000000000000
11100110010011010000000000000000
11010011001001000000000000000000
11010111101100100000000000000000
11100001011010010000000000000000
11001100000011000000000000000000
11010011110111010000000000000000
11010111111000000000000000000000
11010100101101100000000000000000
11011001000000000000000000000000
11001110100101110000000000000000
11011101001010000000000000000000
11100100100010110000000000000000
11000110111111100000000000000000
11010111110010100000000000000000
11100001010011010000000000000000
11000110110110100000000000000000
11001100000111000000000000000000
11000110101011100000000000000000
11001101100011110000000000000000
11010100110110100000000000000000
11010010101100010000000000000000
11010101000111110000000000000000
11010011101110010000000000000000
11010001010110010000000000000000
11011000000101000000000000000000
11011010100011010000000000000000
11010000001001100000000000000000
11001010000000110000000000000000
11100100000100000000000000000000
11010000101001000000000000000000
11010011100000010000000000000000
11001100000110110000000000000000
11100011000111110000000000000000
11001000001000000000000000000000
11010110110010010000000000000000
11010000100110000000000000000000
11100111001100100000000000000000
11010011100101110000000000000000
11011111010011110000000000000000
11010011001011010000000000000000
11001001000100100000000000000000
11010010110010000000000000000000
11001110100101010000000000000000
11100010000100010000000000000000
11011001100010010000000000000000
11100001110100110000000000000000
11001101111110110000000000000000
11011000001100000000000000000000
11001001100010100000000000000000
11001100100111010000000000000000
11000110111011000000000000000000
11010000011011000000000000000000
11000101101011000000000000000000
11000010100111100000000000000000
11010000011011100000000000000000
11000111101100100000000000000000
11010111111110010000000000000000
11000000110000000000000000000000
11010010101111000000000000000000
11101001111101000000000000000000
11010100011110000000000000000000
11011100111011000000000000000000
11001011100110000000000000000000
11011101010000100000000000000000
11011101100010110000000000000000
11011010101010100000000000000000
11001010101010100000000000000000
11011111001111110000000000000000
11010111011101100000000000000000
11001111010010100000000000000000
10111101101110100000000000000000
11001011011101110000000000000000
11000111110011110000000000000000
11001100000010100000000000000000
11101010010011000000000000000000
11010111100100010000000000000000
11010010000101110000000000000000
11001110010011110000000000000000
11011010011101010000000000000000
11101001101001010000000000000000
11100000111001000000000000000000
11000101101111100000000000000000
11011110111101110000000000000000
11000110010010000000000000000000
11010000100110100000000000000000
11001101101000000000000000000000
11100000011111000000000000000000
11010100011101110000000000000000
11010100111011000000000000000000
11001101110001100000000000000000
11011101101101000000000000000000
11100110000101010000000000000000
11100111011111000000000000000000
11010101100010110000000000000000
11100000111000100000000000000000
11010001100110010000000000000000
11011011000010100000000000000000
11010100001011110000000000000000
11010101000101110000000000000000
11000110101011110000000000000000
11000100111001110000000000000000
11011110101100000000000000000000
11000000110000010000000000000000
11000101111111000000000000000000
11010110011011100000000000000000
11010011011010100000000000000000
11010101010101000000000000000000
11000101110011110000000000000000
11100000110000110000000000000000
11011000010100100000000000000000
11011100000110110000000000000000
11000111011100010000000000000000
11010001010011000000000000000000
11000111110000000000000000000000
11010001110101110000000000000000
11101000100000000000000000000000
11010001100101010000000000000000
11010000000001100000000000000000
11011000100010000000000000000000
11011010100011100000000000000000
11010101110110110000000000000000
11010101100111110000000000000000
11100010110100010000000000000000
11011010010101110000000000000000
11010101000001100000000000000000
11000011111000110000000000000000
11001011011010100000000000000000
11100101000110000000000000000000
11010110010001100000000000000000
11001011001100010000000000000000
11000111010010100000000000000000
11010101011011000000000000000000
11011000011001010000000000000000
11010001010111100000000000000000
11011111100010100000000000000000
11011010101010000000000000000000
11010000111000100000000000000000
11010011100110000000000000000000
11100111111111010000000000000000
11100000000111000000000000000000
11011010100011000000000000000000
11001000111110100000000000000000
11001011001100000000000000000000
11001011001111110000000000000000
11001001110000100000000000000000
11100001110101100000000000000000
11001010100001000000000000000000
11001101001001000000000000000000
11010001001001000000000000000000
11010111101100100000000000000000
11001101001101100000000000000000
11001111111101010000000000000000
11001100011101110000000000000000
11001100110001110000000000000000
11010110000000100000000000000000
11011110101010100000000000000000
11011100001101110000000000000000
11010010101010000000000000000000
11010111000001000000000000000000
11010111000100110000000000000000
11001101101011100000000000000000
11001000010110010000000000000000
11011101101010000000000000000000
11011110101010000000000000000000
11101001000101100000000000000000
11100111000100110000000000000000
11010110010110100000000000000000
11010000100101100000000000000000
11100100011010000000000000000000
11001101111011110000000000000000
11011111100010000000000000000000
11101001110011110000000000000000
11001001110011010000000000000000
11001011100110110000000000000000
11001100111000110000000000000000
11001110101110000000000000000000
11100001110101000000000000000000
11011011101001110000000000000000
11010100010110010000000000000000
11011000111000100000000000000000
11000111100100100000000000000000
11001100111011100000000000000000
11001000010111100000000000000000
11001110001000110000000000000000
11010010100100010000000000000000
11001101110011100000000000000000
11011000100001100000000000000000
11010101111100010000000000000000
11000010100111000000000000000000
11001111011001010000000000000000
11100011111111010000000000000000
11100100010101100000000000000000
11100101000101110000000000000000
11001010110110010000000000000000
11010111010010100000000000000000
11011110111000110000000000000000
11010100100000010000000000000000
11011111011111000000000000000000
11010001111110010000000000000000
11011110110011110000000000000000
11011010010100110000000000000000
11000111010011010000000000000000
11010010101010100000000000000000
11010011110110100000000000000000
11100001111011000000000000000000
11011101010011110000000000000000
11000110100111010000000000000000
11010100010011110000000000000000
11000101001001010000000000000000
11010100110111100000000000000000
11000000100100110000000000000000
11001010100111100000000000000000
11010111110000000000000000000000
11000100010000110000000000000000
11101011110111110000000000000000
11010101001110100000000000000000
11011010101111100000000000000000
11010000010001010000000000000000
11011111000110110000000000000000
11001101000001000000000000000000
11011100111100000000000000000000
11010001000110100000000000000000
11000111011110110000000000000000
11100111101001110000000000000000
11000100011001010000000000000000
11010110111101010000000000000000
11011011010100010000000000000000
11010001010100110000000000000000
11100011110110100000000000000000
11000111011001000000000000000000
11010101000100110000000000000000
11001000001110000000000000000000
