1101011010011010
1110010011100000
1100110111010000
1101110001110110
1101001110110111
1101100101001101
1101110000110010
1101001010100111
1100110111011100
1100111111101000
1110010101010110
1100100111110000
1101111001010000
1101111110000110
1100110101011001
1100100011000001
1101010101000011
1101010101111100
1101001110010110
1110001100001101
1101111100010100
1100111000101010
1100110010101000
1110010100101111
1101001000001010
1100110110000011
1101000101100110
1110001101000110
1101001101001111
1011111111001100
1101100110101000
1101110100010101
1100101010111100
1101111101010111
1100100001111011
1100011010000100
1100111110111111
1101111111011010
1101001110011011
1101000001110101
1100111111110001
1101000100011010
1101010111001010
1101001111100010
1101000110001110
1100011111000110
1101100000101111
1101001010100110
1100100011011110
1101001111010111
1101001100011100
1100010111010101
1100100101000101
1100100000000101
1100101010101011
1101000011110100
1011111101100100
1101001001111010
1110011111101101
1110000100111101
1100110111011100
1101101010010000
1100110011100111
1101101100111001
1101111010011100
1101101100001111
1101100001101110
1101000101001001
1101001010100001
1100110111001010
1101101011001000
1100100101001111
1101011000110111
1110000101111000
1101011010010110
1100111100100001
1100110110001100
1110001010001001
1100010010110111
1110011001001101
1100110110111101
1100100010000001
1100101001101110
1101001101110110
1110100100000000
1100101110101111
1110001100011110
1100000001010111
1101011100110101
1101110110010001
1101011111000010
1110101010100000
1100110110111100
1100011101110011
1100111000000100
1101000001110000
1100011110010000
1101011001001001
1100100101011011
1110011010100011
1100100101010101
1100010010000110
1101101101110100
1100101100100010
1101011011001111
1100001000100000
1101110110110010
1100111111011010
1101011110100101
1100101010100111
1100100100011101
1101100110000000
1100110011101111
1101101011011110
1101000100010000
1101000110100111
1101010100010101
1101001101100101
1101011111111101
1110010101000111
1100111011011101
1100100100100111
1100101111011111
1101101100111011
1110001011011100
1101010110100000
1101011011101010
1100100110001100
1100111111010001
1101000100101101
1110001011111101
1011111101001111
1101011000011111
1101000011010101
1100111010100011
1100101111100110
1100100000101100
1101100010011100
1101011111011100
1101100111010011
1101110000011011
1100100010100001
1100000011101000
1101100101101010
1101100110100111
1101000110100101
1110100101101111
1101101111100001
1100000110001000
1101011101001110
1101011000100111
1101000111001100
1101111011010100
1101000110100110
1100001010010100
1101110000101000
1101100000110111
1101001011001000
1101000111010010
1110010110111111
1101010000110000
1100011110111001
1101001111000100
1101010111100101
1100110101010001
1100110111000110
1101010000100110
1110100000010100
1101110000100101
1101110111001100
1100000111111101
1110001110011100
1100010011101000
1100000111110000
1101011010111001
1101000101110110
1101010101111010
1101010001011110
1101110011100110
1011110111101000
1101000110000110
1101110100011100
1100000101011100
1101100101000111
1110010101100100
1101000001111100
1100100111000011
1101101000111100
1101010000100001
1101001010110010
1100110100001101
1100000101100100
1100010111111010
1110001101000101
1101110111100000
1101110010000101
1100011000111011
1101100110100111
1101000010101001
1100001110000100
1101000000111100
1101111000100011
1100001010101010
1100110001000000
1100010101000111
1100110000100111
1101011111010101
1101011110110001
1100100000111110
1100100010100000
1100111010000001
1110100010101100
1101010110111000
1100010101111001
1101011011000011
1101000001010110
1100010010101000
1101100101111101
1101100110010011
1110001111000000
1101000110011000
1101111000110111
1100110011001011
1100011000100000
1110001011101100
1101101110001000
1101010101110100
1101000111110010
1101011100000100
1101011110101101
1101110100010100
1101010111101001
1100011101011100
1101010011011000
1101001011101001
1110000101000011
1101011011001111
1101000010001000
1101011011110111
1101001000001100
1100111101010110
1100000011000110
1101001010111100
1100100101000001
1100001111101100
1101111011010010
1100110111101001
1101100110000010
1101111111101111
1101100101010000
1100110010110111
1101001100001111
1101001100001100
1110000100001100
1101000101001101
1101101110111011
1100010000000010
1101111000101101
1101001111011011
1101011011110110
1101110010011100
1110000110001101
1101010010110010
1110010001011100
1100100000111001
1110000100110110
1100001111001000
1101011010101100
1110100010101110
1110001110101101
1101111000011001
1101011110111100
1100100110000110
1100110010101100
1101010000001010
1100010100110001
1101100000100101
1100100110101110
1110010010011101
1101001100101011
1101001101011010
1100110111011000
1101101100101110
1100000111001100
1101000010010011
1100101000011100
1101100010110110
1110000001011011
1101001110101111
1100111011110010
1110000110111001
1101001000001000
1100110110100111
1100110111110111
1101000110111110
1101110010110100
1110001000101001
1101100010100100
1101010100001110
1100110111001001
1101101010011000
1100011001000000
1100000011000110
1100111110111001
1100010100001011
1110011011011011
1110001100011000
1101100101100001
1100110111111010
1100011010100100
1100001101001010
1100011110011010
1101100011100101
1100101111011111
1101101100101001
1101101110010000
1100001101011011
1101101011101010
1100011101010001
1101110101101101
1100101001000100
1101011011010001
1110000100001010
1101001100110111
1100011111000100
1100110011111000
1110001010000100
1101000111000000
1101111010101011
1110000010101101
1110010111101011
1101100011101010
1100101000111101
1100111110110000
1101111000111001
1101010001001100
1100000010100000
1101010011111111
1101001101100110
1101111001010010
1100100000011111
1110110100101111
1101010101111000
1101010000001001
1101100011001000
1101100110000011
1101010000101000
1110000111011100
1101001101000010
1101010101110100
1101000000010111
1101010010010011
1011111111010100
1101100100001010
1101011000011011
1101000110001011
1100011001110000
1101001001000011
1110000001001010
1101011011101011
1101010111011011
1100111010111010
1100101011011101
1101010001111111
1100011110010100
1100111011100001
1101011011000101
1101100000000110
1110001100001100
1101011001000111
1100111010000100
1101011111000010
1101010010010010
1100111110001010
1101100111100111
1100110100001001
1101110010011100
1101100001101000
1100110100100010
1101110011101000
1100010010110100
1100000010001101
1100110010100100
1101100010111001
1110010000001100
1100001100111000
1101010000001010
1100100110000011
1101101110111011
1100101000101000
1101001110011100
1100010100100100
1101100000001111
1110100111010011
1101010111011011
1101010000010011
1100101101101000
1101101011010111
1100010001011101
1101110101010010
1110010101101001
1100101010111111
1100001001110101
1101001000111011
1100111010100000
1101110110000111
1101010001110010
1101110100011100
1100011101010100
1100101001100110
1110100011101010
1100110100010011
1101010001010110
1100001111000010
1100110010010110
1100100110001000
1110001100111100
1100101111110100
1101101101000111
1100111001101110
1101100010001010
1101001100110100
1101110000000001
1011111100010011
1110000011000000
1101010101001101
1101010110101011
1101010001000011
1100110101010001
1101000001000010
1101011111101001
1101101110111101
1110010001111100
1101110011000011
1101011111100010
1100100101011010
1101010000100001
1101001101110101
1100100011101010
1110010001010010
1101001110010101
1101001111100111
1101101000001101
1101110011100010
1110100001000011
1100111110011011
1100110100110101
1110001101110100
1100101111110000
1101001100110000
1101100000000000
1101110100111010
1101111101110010
1100010011101111
1101100111011001
1100111010100110
1110001100011111
1100110110010110
1101011000001111
1100011000001010
1101010010111010
1100000011001001
1101101110000001
1101001101000110
1110001101010000
1101010010110110
1100100001011111
1101010101110010
1101111000010101
1110000100001001
1100100100010011
1101010010110111
1101010110100111
1100010010001101
1101100010101100
1110000110100100
1101110010010110
1100001101011100
1100010111101110
1100011111000111
1100100000000001
1101001110001110
1101101001001010
1110100000001100
1101101010100110
1100110000010111
1100101111000101
1101011110110001
1110011000111111
1101010111111010
1101011001001010
1100110010000100
1101000001001111
1101010111010010
1101111110001001
1011111100100101
1100101110101010
1110011011000100
1101101100001001
1110001101111110
1100001000001011
1101101100011011
1100101110000100
1101111110111111
1100010011101110
1101001111111110
1100101000000100
1110000001000101
1101001010101010
1011111001110000
1101011101011010
1101010110010100
1100101001110110
1101100110000110
1101010010101101
1100100101100010
1101000011111000
1101001110101000
1100101110001111
1101011011100111
1100111111100010
1110000101011010
1100110110010001
1101110010000000
1100001001001001
1101000000011000
1100011111100111
1101001001000000
1110101101101000
1101000000000011
1100011111100001
1101010011000110
1101001001001111
1101001010101001
1101001110010111
1101110000001011
1101110010100100
1100110001100010
1100111110110110
1100100100100001
1100111101010000
1100000111100001
1101101110010010
1100111010010000
1110001101000110
1100111111000010
1011110011001101
1101100111000011
1101101100110001
1110101011010000
1100111111000000
1101010100011011
1100110100001110
1101010010010001
1101000101011001
1100110011101100
1101111000010011
1100100100111111
1101011000011001
1100100100010111
1110000000000110
1101001101001101
1101000001100011
1110010010100010
1101011110001001
1100000010000101
1100101100110011
1101010111000110
1100100100001001
1100101100010101
1101110000101011
1100010010001011
1100100010101001
1100111000001110
1100110100110011
1101110101110010
1100111010101011
1101101001010010
1101100000011000
1100111001100100
1101011001100101
1100110011011110
1101000110100101
1100101110000010
1100101000000100
1110001101000001
1101100001001101
1101011111100100
1101100110100010
1110010000100111
1101000110001101
1101010101010001
1100111110001101
1100101010000110
1110011001001101
1101100001001000
1101100100101000
1100001111011011
1100111110100110
1110100001110111
1101100110000110
1101101010110100
1101011101010111
1101001110011110
1101000101101110
1100100110101101
1101101110011000
1101011001000000
1101100000100101
1100110101110100
1100001011000000
1110001010111000
1101001111011100
1011111010101100
1101000010110111
1101101110100111
1100111100101101
1101010110110000
1100110110001000
1100111111111101
1100111010101001
1101011101010001
1100100111100110
1100011000000011
1110001000111010
1100111111010110
1110011010000011
1101000011101010
1100000001111001
1101001101010011
1100110100110001
1101111000000011
1101110101101100
1100110000111111
1101011100111100
1100000011010000
1101011010000001
1101111010010110
1101111110110011
1101010110001100
1011111111110010
1101101100010000
1101100101111100
1101001000101111
1100101101011110
1100010111001111
1100110101100111
1101010011000010
1101100011110100
1101110101100011
1101110110001100
1100101010100100
1011111101000001
1101100010000001
1101000000000100
1101110100000111
1101001010100110
1100100111101110
1100001101000100
1110000101010010
1110011011110000
1110001111110101
1100101101010101
1101111100100000
1101001011001111
1100100110010000
1101111101110110
1101110011011101
1110001111100111
1101001000010010
1101000110110001
1100101110010110
1100101001010110
1101100000110011
1101011111011110
1100110110010010
1100110000010011
1101110010011001
1101111010010001
1110011011011010
1100110100101000
1100101001010101
1100100000110000
1101010011001111
1101001001111111
1101011000100000
1011111110111100
1101110100000110
1101111000110111
1100110110001110
1101100001000101
1101010010011111
1101001010010011
1101011001101000
1101011111100111
1100010001100010
1100011001001101
1100111111111101
1101111101100111
1101110100101001
1100111001000110
1100010001011000
1100011111010001
1110011000010010
1100110000110010
1101110001000110
1100101110010000
1110001111101100
1100100010010110
1101100100101001
1101110101011101
1100011111111101
1101011111011010
1110100111110110
1101001010110000
1100110111011111
1100101110101010
1101101001110110
1110001001100011
1011111110100101
1101101000110011
1100100111010010
1101000011000000
1100110110101111
1100101010110001
1101101001000000
1110001110101110
1100000110111000
1110001010110001
1100110110011010
1101100000001000
1101011100111000
1100101001011010
1101001100101110
1100000011001010
1011111110011110
1101010100101011
1100011110100001
1101101100001101
1110100010011000
1100101111000010
1101011101001000
1101111100000010
1101000110000011
1110010101011110
1101001110010010
1100100001001101
1100101010010000
1100111110111100
1100001111100001
1101101011010000
1100110000111001
1101110000110101
1100100111000110
1100111010010010
1101101100110001
1110001010110011
1101001000101001
1101010100011011
1101111110001001
1100110100001000
1100010100110000
1110011011101001
1100110100110111
1100111000111100
1110001100000011
1100000000000100
1110011110011101
1110011001001101
1101001100100100
1101011110110010
1110000101101001
1100110000001100
1101001111011101
1101011111100000
1101010010110110
1101100100000000
1100111010010111
1101110100101000
1110010010001011
1100011011111110
1101011111001010
1110000101001101
1100011011011010
1100110000011100
1100011010101110
1100110110001111
1101010011011010
1101001010110001
1101010100011111
1101001110111001
1101000101011001
1101100000010100
1101101010001101
1101000000100110
1100101000000011
1110010000010000
1101000010100100
1101001110000001
1100110000011011
1110001100011111
1100100000100000
1101011011001001
1101000010011000
1110011100110010
1101001110010111
1101111101001111
1101001100101101
1100100100010010
1101001011001000
1100111010010101
1110001000010001
1101100110001001
1110000111010011
1100110111111011
1101100000110000
1100100110001010
1100110010011101
1100011011101100
1101000001101100
1100010110101100
1100001010011110
1101000001101110
1100011110110010
1101011111111001
1100000011000000
1101001010111100
1110100111110100
1101010001111000
1101110011101100
1100101110011000
1101110101000010
1101110110001011
1101101010101010
1100101010101010
1101111100111111
1101011101110110
1100111101001010
1011110110111010
1100101101110111
1100011111001111
1100110000001010
1110101001001100
1101011110010001
1101001000010111
1100111001001111
1101101001110101
1110100110100101
1110000011100100
1100010110111110
1101111011110111
1100011001001000
1101000010011010
1100110110100000
1110000001111100
1101010001110111
1101010011101100
1100110111000110
1101110110110100
1110011000010101
1110011101111100
1101010110001011
1110000011100010
1101000110011001
1101101100001010
1101010000101111
1101010100010111
1100011010101111
1100010011100111
1101111010110000
1100000011000001
1100010111111100
1101011001101110
1101001101101010
1101010101010100
1100010111001111
1110000011000011
1101100001010010
1101110000011011
1100011101110001
1101000101001100
1100011111000000
1101000111010111
1110100010000000
1101000110010101
1101000000000110
1101100010001000
1101101010001110
1101010111011011
1101010110011111
1110001011010001
1101101001010111
1101010100000110
1100001111100011
1100101101101010
1110010100011000
1101011001000110
1100101100110001
1100011101001010
1101010101101100
1101100001100101
1101000101011110
1101111110001010
1101101010101000
1101000011100010
1101001110011000
1110011111111101
1110000000011100
1101101010001100
1100100011111010
1100101100110000
1100101100111111
1100100111000010
1110000111010110
1100101010000100
1100110100100100
1101000100100100
1101011110110010
1100110100110110
1100111111110101
1100110001110111
1100110011000111
1101011000000010
1101111010101010
1101110000110111
1101001010101000
1101011100000100
1101011100010011
1100110110101110
1100100001011001
1101110110101000
1101111010101000
1110100100010110
1110011100010011
1101011001011010
1101000010010110
1110010001101000
1100110111101111
1101111110001000
1110100111001111
1100100111001101
1100101110011011
1100110011100011
1100111010111000
1110000111010100
1101101110100111
1101010001011001
1101100011100010
1100011110010010
1100110011101110
1100100001011110
1100111000100011
1101001010010001
1100110111001110
1101100010000110
1101010111110001
1100001010011100
1100111101100101
1110001111111101
1110010001010110
1110010100010111
1100101011011001
1101011101001010
1101111011100011
1101010010000001
1101111101111100
1101000111111001
1101111011001111
1101101001010011
1100011101001101
1101001010101010
1101001111011010
1110000111101100
1101110101001111
1100011010011101
1101010001001111
1100010100100101
1101010011011110
1100000010010011
1100101010011110
1101011111000000
1100010001000011
1110101111011111
1101010100111010
1101101010111110
1101000001000101
1101111100011011
1100110100000100
1101110011110000
1101000100011010
1100011101111011
1110011110100111
1100010001100101
1101011011110101
1101101101010001
1101000101010011
1110001111011010
1100011101100100
1101010100010011
1100100000111000
