1101010011100101
1101010010001001
1100101100010001
1100111111110000
1100001011000101
1101001100100100
1100101100101110
1011111001101101
1100001001000101
1100100110011110
1101001000011000
1100000101110110
1100100101100111
1101001011101001
1011111001001110
1100100101010101
1100000111111110
1100111100010011
1100001001011111
1101000111110110
1100101101111010
1100101100111110
1100011110111110
1101001111101110
1100101110101110
1100000101110010
1101000001010001
1101000110000011
1100101101100111
1011111000100011
1100110110111100
1100110101111000
1100000000101000
1100111111001001
1100101010100000
1100000001000101
1100100111101110
1100101111111010
1100010000001011
1101000101011101
1011111111100001
1101000110011010
1100010011000101
1101001111011101
1011110011111110
1011111111010001
1100000111111110
1100111001000111
1100001101110100
1100101011111110
1100100011010101
1011111011101110
1100011110101000
1100000010010011
1100011011010101
1101000100000011
1011111111000101
1100011011110100
1101010010101110
1101011000000001
1100011010001111
1100011000010011
1100110110000011
1101000110011100
1101010100101110
1100100111100101
1100100101111100
1101001011001001
1100010101010001
1100011110011110
1100101000111000
1011110110001101
1100000011001101
1100110100000011
1101000110011100
1100000110101000
1011110111000111
1100110000111010
1100010010010110
1101010110100000
1100010101011011
1011111110110000
1100000010000101
1101001010000011
1101010100111100
1100100111111110
1100111011100001
1011111100101000
1101001000100000
1101000101000101
1100001100000111
1101010110100110
1100000100000011
1100011110000111
1100000101000101
1100110100010110
1011111111110110
1100100100110100
1100100100011100
1101000100100100
1100011111100001
1100000101010001
1101001011111110
1100010010111100
1100001011101110
1100001000011100
1101000000101110
1100011011110000
1100111011100001
1100101011111110
1011110101101001
1100101100000011
1100010110110000
1101011001000111
1100101110001011
1101000001111110
1100100111100011
1100001011001101
1101001001101001
1101011010000001
1011111001011000
1100011011001101
1100101111100011
1101001000101100
1101001100100000
1100001000110110
1100100000000101
1011110100101000
1011111010001110
1101000110100100
1101001010110100
1100000001010111
1100011011011001
1100010101111110
1011111110110110
1100001110000011
1011111100111001
1100001110000011
1100101000001111
1101001101100011
1101000011010011
1100001010111010
1011111001010110
1101001000000011
1101010001010011
1100111010011000
1101010111000111
1100011000000001
1100000101010001
1100000100000011
1101010100110100
1100000100000011
1101001101000011
1100110000100010
1011111101011101
1101010000111100
1100010010110000
1101010010010011
1100100110001011
1101001111101110
1100111100000011
1100010000001011
1100110110000111
1100011110010110
1100111010111100
1100010101000001
1100000111000111
1101001100011010
1101000110000111
1100101110101100
1100010011101001
1101001011000111
1011111100000011
1100010011111010
1100010010001011
1100100000111110
1100110010000011
1011110111111000
1100100110100000
1011111100101000
1100100100101100
1100100001000101
1100000001111010
1100011111000101
1101000101010101
1100000101110110
1100011111111110
1101001100000011
1101000101110110
1100010101100101
1011110111000111
1100000101011111
1100000000011100
1100111001110110
1100101000000011
1100111010000101
1100010101001111
1100101101000101
1101001000110100
1100001101100101
1100110011001001
1101010000100100
1100001011011101
1100001110111100
1100010111001001
1100100011011001
1100100101110010
1101001001001101
1100010000011100
1100000101101110
1100100011010001
1101010100110100
1100111010000011
1100000110001001
1100001111111000
1100000001011111
1100010000000011
1100111000011110
1101001111100101
1101010000101110
1100000010100100
1101010111101110
1100000111001001
1100001110011100
1100110111011001
1100111010101100
1100010100111100
1100011101111100
1100110000010001
1100000111000001
1101000111011111
1100111011110010
1100011100101100
1101010001110100
1100110101110110
1101010010100100
1101000010011010
1100100001010101
1101000000101000
1011111000001100
1100000100011100
1011111111011101
1101000100011110
1100010101000111
1100000010001011
1100110100101100
1100111101100101
1100011110001101
1100101001011001
1101000010100100
1100010101100101
1101000010101100
1100110100111000
1101010000011100
1100011011100101
1100110111100001
1011111100000011
1100100001000101
1101001100110100
1101000110011000
1101001001010101
1100110011110110
1101001011000101
1100111110101100
1100001101000001
1100101010000011
1011111110101110
1100101001000101
1101010010100000
1101001100110100
1101010011000111
1100101100111000
1100100011110110
1100110001011101
1101010100001011
1011111101000011
1100101011101110
1100101011000101
1101010001011111
1011111110101100
1100010100010011
1100111110001011
1100010011010101
1100001110000011
1101000110000011
1100001111010101
1100101011101100
1100110011111110
1100000000000001
1100111100110100
1101001000011100
1101000101011001
1100000110010001
1100010100001011
1100111000111010
1101001100000000
1101011001011011
1100011001011111
1100010010110000
1100010110001111
1101000011100111
1100011100100110
1011110110110110
1100001001100101
1011111011000101
1101010000010001
1100111101000101
1101001010100000
1100111000001011
1011111000111011
1011111101001111
1011111001110001
1100100010001011
1100011010111100
1100111110010011
1101010010000011
1011111001010110
1100010010000011
1100010111011001
1101010110000111
1100101001100101
1100111111011001
1101000000000011
1100100000001111
1100000011010001
1100011101001001
1101010011111010
1011111001011010
1100101001001101
1100111110110100
1101001010010011
1100101011100101
1100001000111100
1100010111000001
1100111111001011
1100110010101100
1100001010110000
1100010011010001
1100110010000011
1101001001001101
1100001001100101
1101011000111100
1100000010110000
1101010010101010
1100100000100100
1100110001110100
1101001111000011
1100101111110110
1100011001110010
1101000110111000
1100111110101100
1101001001101110
1011110110011110
1100111110111100
1100010111000101
1100000110010011
1100000111010001
1100100111111110
1100110001010001
1100011111101001
1100100001101100
1100011011111010
1100100011110000
1100000100010001
1100001000100100
1100011010000111
1101001110011010
1100000100000101
1101001010011010
1100011110000001
1100111110100100
1100010101101110
1100111010000011
1100010110100110
1101000000101000
1100111010110000
1101001100111100
1101001000111010
1100011111010001
1101000010011000
1011110101001001
1011110101001001
1100101111101110
1100011110011000
1101010101010101
1100001011001101
1101001101011101
1100001100010011
1101001011010001
1100010101111010
1011111010010110
1100011010110110
1100010101011111
1101001101111110
1100001110110100
1100000000110010
1100000100111100
1100010011010101
1100011000000001
1101001101001101
1101001100100100
1100000011010101
1100010000110100
1100000000000001
1100111110000000
1101010100100010
1011111110110100
1100111001010101
1100011001011101
1011111101111010
1101001001111100
1100011110101010
1101000100010011
1011111000101001
1100010110000011
1100000011001101
1101000110010011
1100000111100111
1100101010000001
1100011000000011
1100011011010101
1100011110000011
1100010100111100
1011111110010100
1101001100001111
1100000100100000
1101001001000011
1101001001111110
1100101111110010
1100100101100001
1100110010110110
1100100001100001
1101010000000000
1100100001000101
1100111110011000
1100100001111010
1100100001010101
1100101010011100
1100000111000101
1100110101101001
1101001000111000
1100110000000001
1101000101101110
1100101000100100
1101000111001001
1100001111000101
1100101101011001
1100110110100010
1100000101111110
1011111010010100
1100001011110110
1100011100000011
1100100100000101
1100010010110110
1100111000110000
1100000000110000
1101011001111000
1100010000111010
1100101100011110
1011110100000111
1100001011011101
1100000001110010
1101010000001011
1101001011010001
1101001010000011
1100011101001011
1100100000111100
1100011110000011
1101001011000101
1101000000010011
1100011100010011
1100000000001111
1100011000110100
1011111011001111
1100101110101000
1100110100111110
1101000100010011
1011110111011111
1100011100101000
1100010011001001
1100011001010011
1100100100011100
1100101011000101
1101010001011101
1100010100110000
1100001100011000
1011110110010110
1100111000101000
1101001001011001
1100011010000000
1101001000000011
1100011000101000
1100011100101100
1101001100001111
1101010010010011
1011111010011100
1100000101110010
1101010011111010
1100111001110110
1100111111010011
1011111001000110
1101010011111110
1100001001110110
1100110011101110
1011101110100100
1100100100001111
1100010100000011
1101000000110000
1100010010111100
1011111010111011
1100100001010101
1100010111100001
1100001100100000
1101000100001011
1101001000110100
1100100111010011
1101000110011000
1101000111100011
1100011100100100
1100100000101000
1100001010010011
1101010011110110
1100010000100100
1100111010001011
1011111100110100
1100011011100111
1100011110100100
1101001011101110
1101010001111010
1100101010100100
1011111101111110
1100011010010011
1100010111011111
1101010000100100
1101001111101100
1100101010011110
1101001010100000
1100010000000011
1100101001010001
1100100000111110
1101001001111010
1011111110010010
1100011111110110
1100100101010001
1100111101101001
1100100111101001
1011111110101000
1100110010001011
1101000000000001
1101010111111000
1100111110111100
1100100110001011
1100010111011101
1101010100111100
1100011100000001
1100011000111000
1100101111101110
1100101100010011
1100110100101010
1100001011101100
1101001010000011
1100101011110110
1100011011111110
1100111111010011
1100111110111110
1100000111000101
1100010011000101
1100110000000011
1100101100100010
1100001001101001
1101010101001101
1100010000100000
1100010000010011
1100111001101001
1100001111010011
1100011101011001
1100100101000011
1100101000000011
1100000111011101
1100111110001011
1101000001110110
1011111011100010
1100110001110110
1100100100000011
1100100100111010
1100111111001011
1101000011101001
1100110010100010
1101001111000101
1101000001001001
1100010111111100
1100101010101110
1100101100011000
1100000001110110
1100111111101001
1100100110101110
1101001010111010
1100000000011100
1101000110110110
1101001011101110
1101010100011000
1101001010001011
1101001110100100
1100110000100100
1100101101110000
1100100010110100
1101000111001101
1101001110111100
1100101110101100
1100011101010111
1011111001011000
1101000110101100
1100101100100010
1011111001000110
1100010000000101
1101000010111000
1100111010111100
1100100101000101
1011111101001101
1100010010101100
1100100100010011
1100101001011001
1100010110000011
1011111100000011
1101000011010101
1100101100011000
1101010111110010
1100001000000011
1011111010100010
1100110000111000
1100000001010101
1101001100000000
1101010011110010
1011111110110010
1100001010100110
1100000110010011
1100110000101000
1101001001010101
1100110000010011
1100000000101000
1011111010000010
1100111101101100
1101000100000011
1100011111111110
1011111111001111
1100011011001001
1100100011101001
1100111101100111
1101000110100000
1100100011100101
1101001011010001
1100100001000101
1100000001011001
1101000101100001
1011111110110100
1101010101110010
1011111001101111
1100011000100010
1100010001110100
1101000101001101
1101001110011100
1100111100001001
1100101010101000
1100100010100100
1100010100000001
1100001101001101
1100100011011001
1101001001101110
1101011000101010
1100100001011001
1100011011100001
1011111110000011
1100100100000011
1100001100011110
1101001000000011
1100110011111010
1011111100100010
1100110111010001
1100101100111100
1101010011100011
1100100010100100
1100000111010011
1011111100101100
1100100100111100
1100011010111110
1101011000011100
1011111001111001
1101000011101001
1100110101001101
1100110100100110
1100110111110110
1100001111100101
1011111101001011
1101001111101100
1100010000110100
1011111101000101
1100001101010101
1101001011101001
1101000100000001
1101001100010011
1011111100000111
1100000101000001
1100000101011001
1101000111101001
1100110000111100
1100111000010011
1100000110010011
1101010011110010
1100011100110100
1100110100100000
1100111110000000
1100011101101001
1100001000000011
1101010010000111
1100011110000011
1100111010011010
1100001010111110
1101001101110000
1101001111010001
1011111100110100
1100010111000101
1100010100100100
1100111001001001
1011111111100011
1100011101010001
1100010101000101
1100110100011100
1011111001001010
1101010110111000
1100100101110110
1100010111010101
1101000000111100
1100000001010101
1011111001001010
1100000111011101
1011111000110111
1101001000110010
1100010011000101
1101001101001101
1101001101110100
1100000001000111
1100011110010011
1100101111000001
1100101011010111
1101000100000011
1100100010010110
1100001101110100
1011110110001101
1100101010100100
1100001000001111
1100101000000011
1011111100011000
1101001010111100
1100011111011001
1100101101110110
1100011011010101
1101010001001111
1011111110011100
1100000011010001
1101001010011100
1100000010000001
1100010101110110
1101001111110010
1100101010100100
1100100100100100
1101011000101110
1011111100010100
1101001111100101
1101010010000101
1100111110111100
1101000001001001
1101001111000111
1100011001010101
1100110010000001
1100101001111010
1100101001100101
1101010001111010
1100111011001011
1100110100000011
1101001101000001
1100011100010011
1100100011000101
1100101111111110
1100001110100010
1011111101001001
1100100011001101
1100110010100000
1101000110011000
1100001101001101
1100001111100111
1101000001101110
1011111101100110
1100001010011010
1101000111011111
1011110110111010
1100000000000011
1101001100010011
1100001100000011
1100010011110100
1011111111011101
1101001101100101
1100001011110110
1100111000111100
1011111010100100
1101001111110010
1011111010011100
1100110101010111
1011111011110110
1100101010000111
1101000000101000
1100000011000101
1101010111100011
1100110001000101
1101010011010101
1100110101100001
1101010100000000
1100000100001101
1100100010110000
1011111100110000
1011110110000101
1100001111110100
1011110101001001
1100011110011100
1100010111111010
1101001010010011
1100001011110100
1100100011000101
1101010000000011
1101001001111110
1100101011100111
1100000111111010
1100100110110000
1100100000110100
1100100101110010
1100011000100100
1100110001100001
1100010101110110
1100100101000101
1011110111011111
1011111001011010
1011111101011111
1011111110100100
1101010010001011
1101000101000101
1011111111100110
1100110010110100
1100111101010101
1101010100011100
1101010010001101
1100011000110100
1101010111011101
1100010111010111
1100001100011100
1100011011101110
1100101000111110
1100101000100100
1100110110101000
1100001001101001
1101010100000011
1101010010100100
1101001011000101
1101001011101110
1101000001111000
1101000100111100
1101010110000111
1100101000000101
1100100110101100
1011110110000101
1100010010101110
1100100110111100
1100000001111110
1100010101111110
1101001001011011
1100110111100101
1100101011011001
1100000100110100
1101001100010001
1100001100011100
1101010001111110
1100010011001011
1100110000101100
1100001110100100
1100101100010001
1101010000101010
1100110110010110
1100001101100001
1100111110000111
1100100011000101
1101010110000001
1100110110111000
1100111011110110
1100010010100000
1100111011110100
1100000111111110
1100100001000101
1100111110110000
1011111111101000
1100011011011011
1100001000110000
1100110100101000
1101010101010011
1101001000100100
1100110100111100
1100110001000011
1101001001010101
1100110101000101
1101000100111000
1100111010011000
1100001110110000
1100100110001011
1100000011010011
1011111000111011
1011111011000101
1101001001000101
1100011100110100
1100000011000101
1101000010000000
1100011110100100
1100000010000011
1011110101001001
1011111110001011
1100000001010001
1101001000011000
1100111100110100
1101001100010110
1100001001011101
1100000100101000
1101001100100100
1100010100100000
1011111101000101
1100011100001111
1101010010111100
1101010000010011
1101010001011101
1101010001010101
1100001000000011
1100111010111110
1100011100101010
1100111001000001
1101010010101110
1100001001010101
1100101010110100
1011111010011100
1100101110110100
1100111000100000
1100111001100011
1100001100011100
1100111011011101
1100001001101001
1100101110100010
1100101000001001
1100010001001101
1101000001000011
1100101011111010
1100111000000011
1100001010011000
1011111111001011
1100110101000111
1100111000110100
1101010100000111
1101000110100100
1100101001110010
1101001010000011
1100101010001011
1101000111101110
1100101010000011
1101000100001011
1100101101100101
1100101100010110
1100100100100110
1101001001001001
1100100101010101
1100101101011001
1101010010010011
1100010000101100
1100000110000001
1100010110011100
1100001001110100
1100000100100100
1100010101001001
1100011111111010
1100010010000001
1101010011011101
1101000001110010
1100111111110000
1100100010001111
1100111111010101
1100111101010011
1100101100001011
1100100011110000
1100011111101110
1101011001010001
1100010001101110
1101001010010011
1101000010000000
1100000011010101
1100111111010101
1100011101111110
1100001011000001
1100011010110100
