11000001110010101100001010010000
11010100001111000110101010000000
11001000000110111010010111100100
11010001100011110101110000101001
11001000110010101100000010000100
11010010011000110101001111111001
11001101010011001100110011001101
11001001010001001001101110100110
11001101010001001001101110100110
11001010011111011111001110110111
11010011100010010011011101001100
11000111110100001110010101100001
11010100100010010011011101001100
11001010100111111011111001110111
10111110110001010001111010111000
11001111100000110001001001101111
11000001000110111010100111111101
11001011000000110001001001101111
11000100010001001001101110110110
11000011011001010110000010000100
11010000110000001000001100010011
11001111100110111010010111100100
11000001001100000010010011011110
11001100011101011100001010010000
11000001110011001100111011011001
11010010111010010111100011010110
11000001010010001011100001010011
10111101100101011000000100000111
11010010110001001001101110100110
10111111111101011110001101010101
11000100100001110010101100001010
11000011100011110101110001001010
11001011101000111101011100001011
11000100111110011101101100101100
11010110100000010000011000100101
11010010110001001001101110100110
11001110011101011100001010010000
11001110101100000010000011000101
11000101010111010010111100011111
11001110011001010110000001000010
11010100101011000000100000110010
11001000000110011001100110011010
11000000011100011011101001011111
11010011100111011011001000101110
10111111100100111001010110000010
11001100101101000011100101011001
11000101011010010111100011011010
11001000101101000011100101011001
11010010000000110001001001101111
11000001010010001011100001010011
11000011100000010000011001000110
11001100111011111001110110110011
11010010010111010010111100011011
11000001000110111010100111111101
11000111111001010110000001000010
10111111010101110100101111000111
11001101001000011100101011000001
11000110010001001001101110100111
11010101101110100101111000110110
11001111010101110000101000111110
11010101111100111011011001000110
11001110110111010010111100011011
11010010010110110010001011010010
10111111001110001001001101110101
11000111100000010000011000100101
11001010011110011101101100100100
11001100100101111000110101010000
11000011100110111010011000000101
11000001010001101010110000001001
11001110011110011101101100100100
11000010011010010111100111011100
11001111111001010110000001000010
11010001101100000010000011000101
11000001000000110001011010001000
11001010101000111101011100001011
11000010101101000011100111011100
11000010100000110001001011110010
11001011011110011101101100100100
11000111011111011111001110110111
11000110111110011101101100100101
11010000100101111000110101010000
11000110000000110001001001110000
11010101001001111110111110011110
11001001100000010000011000100101
11010010100010110100001110010110
11010010010100001110010101100001
11000101011101111100111011011110
11001110110100101111000110101011
11010001011011111001110110110011
11010010001001111110111110011110
11000110000001010001111010111010
11001000101000011100101011000001
11010011101100000010000011000101
11001111001101100100010110100010
11000010000100010110100101111001
11001010000000000000000000000000
10111101110111110011101101100101
11001011010111110011101101100101
11000011001000011100101100000011
11000000011101011101001011110010
11000011010011101101100101011001
11001100100100110111010010111101
10111101100101011000000100000111
11010000010101001111110111110100
11000001111010111000011100101011
11000100011010111000010100101111
11010011111111011111001110110111
11000011100111111011111010011000
11010011000011110101110000101001
11010010010000001000001100010011
11000010001001011110010001011010
10111111010000001100010010011100
11001001010100101111000110101011
11001000100010110100001110010110
11010100011010010111100011010110
11001101011011111001110110110011
11001001110100101111000110101011
11001111001111100111011011001001
11001101001000011100101011000001
11000011111010010111100011110111
11001000000010110100001110010110
11000011010100001110010110100011
11010010100001010001111010111001
11001000010001001001101110100110
11000110100000010000011000100110
11000110100111011011001000101111
11001101010011101101100100010111
11000101010010001011010000111110
11001100010110110010001011010010
11000110111000110101001111111010
11001000100101111000110101010000
11000001011110111110101110000110
11010001010100001110010101100001
11010100101111000110101010000000
11000101110110010001011010001010
11000111100001010001111010111001
10111111011000011000100100111000
11001010110001001001101110100110
11000101100000110001001001110001
11000011000000110001001010110001
11010100110110010001011010001000
11010000011000010100011110101111
10111101100001010001111010111001
11001011011101011100001010010000
11010101001101000011100101011001
11010100100111011011001000101110
10111101001001111110111110011110
11001000101100000010000011000101
11010000001111100111011011001001
11000010010111010011000000100001
11000101010100101111000110101111
11000001100110111010011111110000
11010011101101000011100101011001
11001011101000011100101011000001
11000101000001110010101100000110
11010000010011101101100100010111
11010001100001010001111010111001
11010100111010010111100011010110
11001101011111011111001110110111
11001011111011111001110110110011
11001000111110111110011101101101
11010110010100101111000110101011
10111111111010011001100110011011
11001111100010010011011101001100
11010101000101111000110101010000
11010001011101011100001010010000
11001111100110111010010111100100
11001110000111111011111001110111
11001001101000111101011100001011
11001110010001001001101110100110
11010011010010001011010000111010
11000111100000000000000000000000
11010100001010011111101111101000
11001010011101011100001010010000
11001000110011101101100100010111
11000100011010010111100011100110
11000100110010001011010001000010
11010000110001001001101110100110
11001100110110010001011010001000
11001111011000110101001111111001
11000100100100110111010011000101
11001111001100000010000011000101
11000101100010110100001110011000
11001111001111000110101010000000
11000100111000010100011110110111
11010101010111110011101101100101
11000100100100110111010011000101
11010000100100110111010010111101
11000111110001001001101110100110
11001011100000010000011000100101
11010010001000111101011100001011
11010000101101100100010110100010
11000101111101011100001010010010
11000000000000110010001011010001
11010100010110010001011010001000
11010010000000010000011000100101
11010101110110010001011010001000
11010101110000101000111101011101
11000011110011001100110011101110
11000101000010110100001110011010
11001000001101000011100101011001
11000011110010001011010001011011
11001100000000000000000000000000
11001010011001010110000001000010
10111110000000000000000000000000
11001011001101100100010110100010
11000001111101011100010010011100
11001110100100110111010010111101
11010001111111011111001110110111
11010011100000010000011000100101
11010011001110100101111000110110
11001100111011111001110110110011
11010011101100100010110100001111
11000011000010110100001111011000
11000011100010110100001110110111
10111110100100111111011111001111
11001110101011100001010001111011
11010000111011011001000101101001
10111110001011110001101010100000
11001100100101111000110101010000
11010000101011000000100000110010
11001111001011000000100000110010
11000001100100010110101001111111
11010001000110011001100110011010
11010100010010001011010000111010
11000111101101000011100101011001
10111111100100111001010110000010
11010001001101000011100101011001
11000000110001001010001111010111
11001100110110110010001011010010
11010000101100000010000011000101
11001100010001001001101110100110
11010101101100100010110100001111
11001101111000110101001111111001
11000110111101011100001010010001
11010011101000111101011100001011
11000010101010011111110001101011
11000100111011011001000101110001
11001101011101011100001010010000
11000000001101000100100110111011
11000110001111000110101010000001
11000101001000011100101011000101
11001101111000110101001111111001
11001111110111010010111100011011
11010101110001001001101110100110
11010101011101011100001010010000
11000111010001001001101110100110
10111111111001011000000100000111
11001011110001001001101110100110
11000111100000110001001001101111
11010001101111000110101010000000
11000010011001010110000101001000
11001000000000110001001001101111
11010100101000111101011100001011
10111110010011011101001011110010
11001000001110100101111000110110
11000111101001111110111110011110
11010000110101110000101000111110
10111111000101111100111011011001
11001110010000101000111101011101
11001111100001110010101100000010
11010001001000111101011100001011
11010001111101011100001010010000
11001111100110111010010111100100
11000101100000110001001001110001
11000000011001010111000010100100
10111100110011001100110011001101
11000101100110111010010111100110
11010000011110111110011101101101
11001110110110010001011010001000
11000101111001110110110010001110
10111110101000000100000110001001
11001111011100111011011001000110
11001110010001001001101110100110
11000110001110000101000111101101
11000110001011000000100000110011
11010010101011100001010001111011
11010001110110010001011010001000
11010011001111000110101010000000
11000001111001010110001001001110
11010001001000111101011100001011
10111110010001011010000111001011
11000100010001001001101110110110
11001001011011011001000101101001
10111111000000000100000110001001
11000101110111110011101101100111
11001000010100001110010101100001
11001011101111100111011011001001
11000010001110000101001011110010
10111110011100101011000000100010
11001101100010110100001110010110
11001010100000010000011000100101
10111110000010100011110101110001
11000101001000111101011100001111
11000100011001110110110010011100
11010010000000010000011000100101
11000110111010010111100011010111
11010010011101011100001010010000
11000101110101001111110111110110
11000100001101100100010110110010
11001100010011001100110011001101
11001000100010110100001110010110
11001010111001010110000001000010
10111110110010010011011101001100
11010100001011000000100000110010
11010011100010110100001110010110
11001110100011110101110000101001
11001110000000000000000000000000
11001001110001001001101110100110
11000101100010010011011101001110
11000001010100101111010111000100
10111100111011011001000101101001
11000100101001111110111110100110
11000001001011100001100010010100
11001110100001110010101100000010
11001101110110110010001011010010
11000101110011001100110011001111
11000110100100010110100001110100
11001011010000101000111101011101
11000101001101000011100101011101
11001101110000001000001100010011
11010010110111010010111100011011
11001000010101110000101000111110
11001011100011110101110000101001
11000101011001010110000001000110
11000000100110111010111000010101
11010000001000111101011100001011
11001110100011110101110000101001
10111110010011111101111100111100
11001000110011101101100100010111
11010110011111011111001110110111
11010010000000110001001001101111
10111111110010101110000101001001
11000101100100110111010010111111
10111110100100011110101110000101
11010100000001010001111010111001
11001111111010010111100011010110
11010000000110111010010111100100
11000010101001111111000000100001
11010001100110111010010111100100
11001110100010110100001110010110
11001100111001010110000001000010
11000100100001110010101100001010
11001011110110010001011010001000
11010001001110100101111000110110
11001110000111111011111001110111
11000000110000001000101101000100
11001001111001010110000001000010
11010011000000110001001001101111
10111100100110111010010111100100
11000110001100000010000011000110
11000101111110111110011101101111
11000101111111011111001110111001
11001000101011000000100000110010
11000011110010001011010001011011
11001100000100010110100001110011
11000101011001010110000001000110
11001100010111010010111100011011
11001010001011000000100000110010
11000010011010111000011000100101
10111110110101011000000100000110
10111111010001001101110100101111
11000100011000110101010000001001
11001100100100110111010010111101
11010001100110111010010111100100
11001111010011001100110011001101
11000100000011010100111111110000
11001010111100011010100111111101
11001010110001001001101110100110
11001101101100000010000011000101
10111110100000111001010110000001
10111110010010111100011010101001
10111111011001111010111000010101
11010001000110111010010111100100
10111111110101010001111010111001
11001100110001001001101110100110
11000101100100110111010010111111
11010001100000110001001001101111
10111111010101010011111101111101
11000101101000111101011100001101
10111101001001111110111110011110
11001111110101001111110111110100
11000110101110000101000111101101
11010011001100100010110100001111
10111110110101011000000100000110
11001111110101001111110111110100
11000110101011000000100000110011
11001101100100110111010010111101
11001000010000101000111101011101
11001010011001010110000001000010
10111110100000111001010110000001
11000011100100010110100010010100
11000110110001001001101110100111
11000011010110110010001100010100
11001010110011001100110011001101
11010101000111011011001000101110
11010011011101111100111011011010
11001011010111110011101101100101
11000001111000010100100110111011
11010010110001001001101110100110
11000110110101001111110111110101
11010011100101111000110101010000
11001001110110010001011010001000
11001110001000111101011100001011
11010110001101100100010110100010
11000011010101110000101010000000
10111101011110011101101100100011
11000001001100000010010011011110
11001110001001111110111110011110
11001110001111000110101010000000
11010011111110111110011101101101
11000110000000010000011000100110
11010001011101111100111011011010
11001101101001011110001101010100
10111110000101000111101011100010
11000100110101001111110111111100
11000010100010010011011111001111
11000100101100000010000011001101
11010011111101011100001010010000
11001101010001001001101110100110
11010100010111010010111100011011
11001110011000010100011110101111
11000001110000101001000101101001
11010001010100001110010101100001
11000101111001010110000001000100
11000000010101010000111001010110
11000011011000110101010000111011
11000010001000111101100000010001
11001001101101000011100101011001
11000000111100111011111001110111
11010011010111110011101101100101
11000011110100101111000111001100
11001000010101110000101000111110
10111111001111001010110000001001
11010010000111111011111001110111
11000101001110000101000111110000
11001001101111000110101010000000
11000110101001111110111110011111
11001001100000110001001001101111
11001110110001001001101110100110
11000001000000110001011010001000
11001010001011000000100000110010
11001010000100110111010010111101
11001111001100100010110100001111
11000011000000110001001010110001
11000011101111000110101010100001
11010100001101000011100101011001
10111110110010110100001110010110
11010001100000110001001001101111
11010000000101011000000100000111
11010001111101011100001010010000
11000101000000000000000000000100
11000111010010001011010000111010
10111110110101011000000100000110
11000011000101111000110110010010
10111110101010000111001010110000
11000100000110111010010111110100
11000011011111011111001111111001
11000011011001110110110011001110
11010100011100011010100111111101
11010100001000111101011100001011
11000001110001101010100111111100
11010011110110010001011010001000
11000010010010001011010101000000
10111110110100010110100001110011
11000000111110011110001101010101
11010011010101001111110111110100
11001000010111110011101101100101
11000101010000101000111101100001
11001010110011001100110011001101
11000110000011010100111111100001
11000101001111000110101010000100
11010011010011101101100100010111
11000010111100111011011011001001
11000101111101111100111011011100
11010000010111010010111100011011
11000111111001010110000001000010
11001000110100001110010101100001
11001010100101111000110101010000
11010011100110111010010111100100
11000010110000101000111111100000
11001111100000110001001001101111
11000100010000101000111101101101
10111111111101011110001101010101
11010000010010101100000010000100
11010000111100111011011001000110
11000110001111000110101010000001
11000111111010111000010100011111
11010001101101100100010110100010
11010011010100101111000110101011
10111110110111011011001000101101
10111111110001001011110001101011
11001010001011100001010001111011
10111100000100110111010010111101
11001100010101001111110111110100
11010000011111011111001110110111
11010011101111000110101010000000
11010100110101001111110111110100
11000001010011001101000011100110
11001110011110011101101100100100
11001111000100110111010010111101
11000010001000111101100000010001
11010010100001010001111010111001
11010100011110011101101100100100
11010100000101011000000100000111
11001100011010010111100011010110
11001110001101000011100101011001
11010000011001010110000001000010
11000100110101001111110111111100
10111111110001001011110001101011
11001110110111010010111100011011
11000000000001110011101101100100
10111111111000110111010010111110
11001001101100000010000011000101
11000101110010101100000010000110
11000000111001010110100001110011
11010011011000110101001111111001
11010100111111011111001110110111
11010000010001001001101110100110
11001111001111000110101010000000
11001111000100110111010010111101
11000010000101111000111001010110
11010101110000101000111101011101
11001000111101011100001010010000
11010000000100010110100001110011
11010011010011001100110011001101
11001001010001001001101110100110
11000110111110111110011101101110
10111111001101000111101011100010
11001111100000110001001001101111
11010001101111100111011011001001
11001100001000111101011100001011
11001001000100110111010010111101
11000101101001111110111110100000
11000101110000101000111101011111
11001100100110111010010111100100
11000011101101000011100101111010
10111100110011001100110011001101
11010011000111011011001000101110
11000000100000110001101010100000
11000011001000111101011101001101
11010001110001001001101110100110
11000101000001010001111010111101
10111100110011001100110011001101
11000110001011000000100000110011
11001111101000111101011100001011
11000111000000110001001001101111
10111110001001101110100101111001
11010001101011100001010001111011
11001001100101111000110101010000
11010000011100111011011001000110
10111101100001010001111010111001
11010101010000101000111101011101
11001110000001110010101100000010
11001100110110010001011010001000
11000011001001111110111111100000
11010010101011000000100000110010
11010010100100110111010010111101
11000001110000001000010100011111
11010110010001101010011111110000
11000110000100110111010010111110
11000010111110111110011111110000
11010001001111100111011011001001
11000010111100011010101010000000
11010011110101001111110111110100
10111011010001001001101110100110
10111111110010101110000101001001
11000011010111010010111101011101
11001100000110111010010111100100
10111111111110011111101111101001
11001010110111010010111100011011
10111111110110010011011101001101
11000001011100111011101001011111
11000011000101011000000101001001
11001111111011111001110110110011
11010100011011011001000101101001
11001101010011001100110011001101
11000010011101011100001110010110
11000111100000110001001001101111
11001101001100000010000011000101
11001000110001001001101110100110
11000100111101111100111011100010
11001010000111111011111001110111
11010100011010111000010100011111
11000010111001010110000011000101
11010011101101000011100101011001
11000100000010110100001110100110
11001100001000111101011100001011
11000000101000011101001011110010
11010100111010111000010100011111
11010000001101000011100101011001
11001010101101000011100101011001
11000010010100001110011001100111
11010000110111110011101101100101
11000110001100000010000011000110
11001101110010001011010000111010
11010010001000111101011100001011
11001110010011001100110011001101
11000101010101001111110111111000
11010010010101001111110111110100
11000011110011101101100100111000
11010010100101111000110101010000
10111110010110100001110010101101
11010011100011010100111111100000
11001100000110011001100110011010
11001001010011101101100100010111
11000000000010110101001111111000
11001100111100111011011001000110
11000101011100011010101000000001
11000111111011011001000101101001
11010100100010110100001110010110
11000111111000010100011110101111
11001110100101111000110101010000
11000101110001001001101110101000
11000010100111111011111011111010
10111111100000110011001100110100
11000010001111000110101110000110
11000111110000001000001100010011
11010100010110110010001011010010
11010010010010001011010000111010
11001111100001110010101100000010
11001010011000110101001111111001
11001001111010010111100011010110
11000100010101001111111000000100
11001001000111011011001000101110
10111111100101011010000111001100
11000001110100001110011101101101
11000011011011011001000110101011
10111111111001011000000100000111
10111111001011000100100110111011
11000100010110010001011010011000
11001110011010010111100011010110
11000010010001001001110010101100
11010010001110100101111000110110
11010101011101011100001010010000
11010010010100001110010101100001
11010001010001101010011111110000
11010010100000010000011000100101
11000100011001010110000001010010
11001101011001010110000001000010
11001011101100000010000011000101
11000100010111010010111100101011
11000001000001110010111100011011
11000001001100100011000100101000
11001001110100001110010101100001
11000110111110111110011101101110
11001110101011000000100000110010
11010100111110011101101100100100
11001010100011110101110000101001
11000110101000011100101011000010
11010010010011001100110011001101
11000101111010010111100011011000
11000110101001011110001101010101
11000000101001011110101110000101
11001111100000110001001001101111
10111110101100101011000000100001
10111111111011011011001000101110
11010001000011110101110000101001
11000011010011001100110100001111
10111110111011100001010001111011
11010011000010110100001110010110
11000011000010110100001111011000
11010100110110010001011010001000
11010010111010010111100011010110
11001111100000110001001001101111
11000101110001001001101110101000
11000011000011110101110001101011
11001100110101001111110111110100
11001010100111111011111001110111
11001101011000010100011110101111
11000110001001111110111110011111
11000000101101000100000110001010
11001001010100101111000110101011
11001111100000110001001001101111
11000001010001001001111110111111
11001000101110000101000111101100
11000001010100001110100101111010
10111110111001011110001101010100
11000101110000101000111101011111
11000010100011010101000001100011
11000101011100011010101000000001
10111111000000110101001111111000
11000100111010111000010100100111
11010010111110111110011101101101
11010010011100011010100111111101
11001001001101000011100101011001
11010000110001001001101110100110
10111110000001000001100010010100
11010001000000110001001001101111
11000011010110010001011011001010
10111111000011011001000101101001
11000110001011100001010001111100
11010011000000110001001001101111
11001111001110000101000111101100
11010001011001010110000001000010
11000111110001001001101110100110
11001001000111111011111001110111
11001011010101110000101000111110
10111110011111001110110110010010
11010110011000110101001111111001
11010001000000010000011000100101
11001001000011110101110000101001
10111111001011000100100110111011
11000110110001001001101110100111
11000011101100000010000011100110
11001000000100110111010010111101
11001011110001001001101110100110
11010001011011111001110110110011
11000011010001001001101111101000
11000111110111110011101101100101
10111111101011000010100011110111
10111110011110101110000101001001
11000111111110111110011101101101
11000001100010110100010110100010
11000010011100111011011101001100
11010011111011011001000101101001
11001110001110000101000111101100
11001001011101011100001010010000
10111110101000100100110111010011
11001011010101001111110111110100
11000000100000010000111001010110
11000101110101001111110111110110
11000000000010110101001111111000
11000100010110010001011010011000
11000010111101011100001100010011
11000010111001010110000011000101
11010110000101111000110101010000
11001100111111011111001110110111
11001111000100110111010010111101
11001101101000111101011100001011
11000111100000010000011000100101
11001010010101001111110111110100
11001100110001001001101110100110
11000001010010001011100001010011
11001110011001010110000001000010
11001001111001010110000001000010
11000000000100111000010100011111
11000010001101000011101001011111
11010011010110010001011010001000
11001000101000111101011100001011
11000111111111011111001110110111
11001111101011000000100000110010
11010101100011110101110000101001
11001001010001101010011111110000
11001010110000001000001100010011
10111111111001011000000100000111
11001100000110111010010111100100
11000001101101000011101101100101
11001101001100000010000011000101
11001101101111000110101010000000
10111110010101100000010000011001
11001010110100001110010101100001
11001001111000110101001111111001
11000111010111010010111100011011
10111110001110110110010001011011
11010001111011111001110110110011
10111111010110010101100000010001
11000001111100011010110000001001
11001110001001111110111110011110
11010100000011010100111111100000
11000101000010110100001110011010
11000001000111111100001010010000
11000011010011001100110100001111
11010000110110010001011010001000
11010110011110011101101100100100
10111110100011011101001011110010
11001000011001110110110010001100
11000011000000110001001010110001
10111110110011010100111111011111
11000001110100001110011101101101
11001100001011000000100000110010
11000101001011000000100000110110
11010000100011110101110000101001
10111111001101000111101011100010
11000101000000010000011000101001
11001110110100001110010101100001
10111100100010110100001110010110
11001100001011100001010001111011
11001110011100011010100111111101
11000100100000010000011000101101
11000101111010111000010100100001
11010010111001010110000001000010
11010101011101011100001010010000
11001110010000001000001100010011
11000110001110100101111000110111
11000110110111010010111100011100
11010000101010011111101111101000
11000001000100110111100011010110
10111100010101001111110111110100
11000011111101011100001010110001
11000000000010110101001111111000
11010000000000110001001001101111
11001010001001111110111110011110
11000101010111010010111100011111
11010010110000101000111101011101
11001011000011110101110000101001
11001011111010111000010100011111
10111111010101010011111101111101
11001001000100010110100001110011
11010100011001010110000001000010
11001010100000110001001001101111
11001001110101001111110111110100
11001110110011001100110011001101
11000111101000111101011100001011
11000010001111000110101110000110
11010000010000001000001100010011
11010101010011001100110011001101
11010001100100110111010010111101
11000111000000110001001001101111
11000000000000110010001011010001
11000101101011000000100000110100
11001100110100001110010101100001
10111110000010000011000100100111
11001111010001001001101110100110
11010000101110000101000111101100
11010000001101100100010110100010
11000111000010110100001110010110
11001001010111010010111100011011
11001011111111011111001110110111
11001101110011001100110011001101
11010011111000010100011110101111
11001001011001010110000001000010
11001101100000110001001001101111
11001011010111010010111100011011
11000101011001010110000001000110
10111110101010100111111011111010
11000110111100011010100111111110
11000000101100100011010101000000
11010100111101011100001010010000
10111111100010010101100000010001
11010100110001001001101110100110
10111101100001010001111010111001
11001110110101001111110111110100
11010011011001110110110010001100
11000101101000111101011100001101
11010100010101001111110111110100
11010100101011000000100000110010
10111110110111011011001000101101
11000010110001001001110000101001
11000101011001010110000001000110
11001001000011110101110000101001
11010010011000010100011110101111
11001100101011100001010001111011
11000111011101111100111011011010
11001101101000111101011100001011
11001001100000010000011000100101
11001100011110011101101100100100
10111110001110010101100000010001
11010100000111111011111001110111
11001011001100000010000011000101
11000001101001111111000110101010
11001010100000010000011000100101
11010010111110111110011101101101
10111110111001011110001101010100
10111110000010000011000100100111
11000010111001110110110100001111
11001001011011011001000101101001
11000111110001001001101110100110
11001001101000111101011100001011
11001111100000000000000000000000
11010011101110000101000111101100
11000010101000111101011110001110
11001011111001010110000001000010
10111110000010100011110101110001
11001110101101100100010110100010
11010100101000111101011100001011
11001001000010010011011101001100
11000001000101111001000101101001
11010100011001010110000001000010
11000011011010010111100100011000
11000101001000111101011100001111
11001011101101000011100101011001
11001001100000010000011000100101
11001000100000110001001001101111
11010000001000111101011100001011
11010101011111011111001110110111
11010011110001101010011111110000
11000111110100101111000110101011
11001010001101000011100101011001
11001111110101001111110111110100
11001010101100000010000011000101
11000101011111011111001110111011
11000101011111011111001110111011
11001010011001010110000001000010
11010000001111000110101010000000
11001011111011111001110110110011
11000010100000110001001011110010
11010000111000010100011110101111
11010101100101011000000100000111
11010100111001010110000001000010
11010010010010001011010000111010
11001000001010011111101111101000
11010010001001011110001101010100
11000111001111000110101010000000
11000000011100111100011010101000
11000110011011011001000101101010
11000001101101100100011110101110
11000010010101001111111011111010
11000110100000110001001001110000
11001111110010001011010000111010
11001000011111011111001110110111
11001100011100111011011001000110
11000000111001010110100001110011
11000111111101011100001010010000
11001011111011011001000101101001
11001010110011001100110011001101
11001011100000110001001001101111
11001110000000110001001001101111
11010101011100011010100111111101
11010010111101011100001010010000
10111111001001000001100010010100
10111110110011010100111111011111
11000000001111000111101011100010
11000000111110011110001101010101
11000000000100111000010100011111
11001011100010110100001110010110
11001111110100001110010101100001
11010010000000110001001001101111
11001001011010111000010100011111
11001011100000110001001001101111
11001100100001010001111010111001
11001100000110111010010111100100
11001111010111010010111100011011
11000010000010010011100001010010
11000001000110111010100111111101
11010001101011000000100000110010
11010000110111010010111100011011
11010110001001111110111110011110
10111111110100110001001001110000
11000000010110010010011011101010
11000000111001010110100001110011
11010100000001010001111010111001
11010000001110000101000111101100
11010011101001111110111110011110
11001001011011011001000101101001
11010101001010011111101111101000
11001101110101001111110111110100
11010100100100010110100001110011
11000001001000111101101100100100
11001010100111111011111001110111
11000100110101001111110111111100
11001111101100000010000011000101
11010100000000010000011000100101
11000000000100111000010100011111
10111111101001100000010000011001
11010101111100011010100111111101
11000010011110111110100001110011
11001101101101100100010110100010
11000101111001010110000001000100
11010011011101011100001010010000
11000101010101110000101001000010
11010010110100001110010101100001
11001101100000110001001001101111
11000001100001010010000011000101
11010101011001010110000001000010
11001000100011110101110000101001
11000111010111010010111100011011
10111110010001011010000111001011
11000111111100011010100111111101
11010010010101001111110111110100
11000000101101100100110111010011
11000010000000010000011100101011
11000010010101110000101101000100
11000010110111010010111110011110
11000011110111110011101110000110
11000001111101011100010010011100
11000110000100110111010010111110
11001100000110111010010111100100
11010000010111110011101101100101
11010010101111100111011011001001
11010000000000010000011000100101
11000101000001010001111010111101
11000010001011000000100100111000
11010100111001110110110010001100
11010000001001111110111110011110
11000100010000101000111101101101
11001110011001010110000001000010
11000111010010001011010000111010
11000001111010010111101011100010
11010000011100011010100111111101
11000101011101011100001010010100
11010010001111000110101010000000
11001111111101011100001010010000
11001011101001011110001101010100
11001000110010001011010000111010
11001101111100011010100111111101
11000011001101000011100110011011
11010001011001110110110010001100
11000110011000110101001111111010
11000101011010010111100011011010
11010010011011111001110110110011
11000010101111000110101100000011
11001101011100011010100111111101
11001000111101111100111011011010
11001100001000111101011100001011
11000111011111011111001110110111
11001100110111010010111100011011
11000111101101100100010110100010
11010100001111000110101010000000
11001100000100110111010010111101
