11010110100110100000000000000000
11100100111000000000000000000000
11001101110100000001001101110101
11011100011101100000000000000100
11010011101101110000000000000011
11011001010011010000001110001101
11011100001100100000000000000000
11010010101001110000000000011001
11001110000111110010011011101010
11001111111010000001111110111110
11100101010101100000000000000000
11001001111111010000111001010110
11011110010100000000000000010001
11011111100001100000000000000000
11001101010110010000000000000000
11001111100000110001010101110011
11010101010000110000000000000000
11010101011111000000000000001000
11010011100101100000000000000000
11100011000011010000000000000000
11011111000101000000000000000000
11001111101100001110010111100100
11001100101010000000000000000001
11100101001011110000000000000000
11010010000010100000000000000000
11010010111010011001100110010110
11010001011001100000000000000000
11100011010001100000000000000000
11010011100110001010011011101010
11000000011000001111000110101010
11011001101010000000000000000000
11011101000101010000000000000000
11001011110100101101011100001011
11011111010101110000000000000000
11010110100000010000011000100101
11010010110001001001101110100111
11001111110111011011100001010010
11011111110110100000000000000000
11010011100110110000000000000000
11010000100000011010101100000010
11010100101011000100010001110010
11010001000110100000000000100110
11010101110010100000000000000000
11010100001111111101100100010111
11010001100011100000000000000000
11001100101101000110101011011001
11011000001011110000000000000000
11010010101001100000000000001011
11010010000000110001001010001011
11010011110101110000000000000000
11010011000111000000000000000000
11001100111011111010000100000111
11010010010111010010111101001100
11001000000001010000001001101111
11001010101011101001010110000001
11010000111101000000000000000000
11001101001000011100101011000001
11010010011110100000000000000001
11100111111011010000000000000000
11100001001111010000000000000000
11010101111100111011011100100010
11011010100100000000000000000001
11010010010110110011111110110010
11011011001110010000000000000000
11011110100111000000000000000000
11011011000011110000000000000000
11011000011011100000000000000001
11010001010010010000000000000000
11010010101000010000000000000000
11001110101011110110110110010010
11011010110010000000000000000000
11001111111001010110011010111010
11010110001101110101100000010000
11100001011110000000000000000000
11010110100101100000000000000001
11001111001000010000000000000000
11001101100011000000000000000010
11100010100010010000000000000000
11000111100000011101010111011100
11100110010011010000000000000000
11010000100110101000000101010000
11001000100001010001100010010100
11010101001001111110111110100010
11010011011101100000000000010000
11101001000000000000000000000000
11010010010100001110101011011001
11100011000111100000000000000000
11001110110100101111000110101011
11010111001101010000111011111010
11011101100100010000000000000001
11010111110000100000000000000000
11101010101000000000000000000000
11010011101100000010110010000101
11001111001101100100011010010101
11001110000001000000000000000001
11010000011100000000100000000000
11000111100100000000000000001110
11010110010010010000000000000011
11001001010110110000101000011101
11100110101000110000000000000000
11001001010101010000110011101110
11001100100100110111010101000011
11011011011101000000000000000000
11010000010101010010011001110100
11010110110011110000000000000000
11000100011101011000010100101111
11011101101100100000000000010000
11001111110110100000000000000001
11010111101001010100011110101110
11010010010000001000010001100001
11001001000111010000001010011000
11011001100000000000000000000000
11001100111100001010010111100011
11011010110111100000000000000000
11010100011010111011100011010110
11010001101001110111011111001111
11010101000101010000000000000010
11010011011001011011111001110111
11010111111111010000000000000101
11100101010001110000000000000000
11001110110111010000010001011010
11001001001001110000110100001110
11010010100001010010001000110101
11011011001110110000000000000000
11100010110111000000000000000000
11010101101000000000000000000000
11010110111010100000000000011010
11001001100011000110010001011010
11001111110100101011011001000110
11010001001011010000000000000111
11100010111111010000000000000000
11000001100001000110110111000011
11010110000111110011010000111001
11010100101111010011111110000000
11001110101000110000000000110110
11001011111001101000010100011111
11001000001011000000000000111000
11011000100111000000000000000000
11010111110111000000000000000000
11011001110100110000000000000000
11011100000110110000000110110010
11010000011000010100100011110001
11000000111010100001010001111011
11011001011010100000000000000000
11011001101001110101101000011101
11010100101000000100011000101110
11101001011011110000000000000000
11011011111000010000000000000000
11010000001111100111011011001001
11010111010011100000000000000000
11010110001001110000000000000000
11010001110011000000000000000000
11011110110101000000000000000011
11010001101001100000101000011101
11000101000010111100101100000110
11011100001010000000000000000001
11011000001101110000010000101001
11010100111101011111100011010110
11010001110100100111111011111010
11100101101111110000000000000000
11010100001100000000000000000010
11010110010100101111000110101011
11010011110001000000000000000000
11010101111001010000100010010011
11010101000101111000111000100001
11010001011101110100111010010000
11010100001001100100110111010011
11101000000101000000000000000000
11011100001001010000000000000000
11011101110011000000000000000000
11010011010010001011010000111010
11100011100111000000000000000000
11010100001010011111101111101000
11001010011101011100001100001000
11010110101110010000000000000000
11010001011101100000000000000000
11010101011110100000000000000000
11010100010111111000100100110111
11011100111001100000000000000000
11001111011000110101001111111001
11010001100001100000000000000000
11011101000111000000000000000000
11000101100010111011000110011000
11011001010001110000000000001100
11100101011001000000000000000000
11010101010111110111101001100101
11001001110000110010010011011101
11011010001111000000000000010010
11010100001000010000000000000000
11010010101100100000001000000100
11010010001000111111101001001011
11010000101101100100010110100010
11000110011101111110000101001001
11100011010001010000000000000000
11011101111000000000000000011011
11011100100001010000000000000100
11010101110110010001011010001000
11011001101001111100001010001111
11010000101010010000000000000000
11000101000110111100001110011010
11010000001111000000000010110100
11011110001000110000000000000000
11001100000000000000000000010101
11001100010011100101011000000100
11000101010001110000001000000000
11001100010101001001000101101000
11010111110101010000000000000000
11010111101100010000000000100101
11010001111111011111001111001111
11010011100000010000011000101000
11010011001110101001111010110110
11101000101011000000000000000000
11010101110000110010001011010001
11000101100000001101101000011111
11010110110000110000000000000000
11010000010101100000000000000000
11001110101011100001010010000110
11011001011111010000000001110111
11011001100100110000000000000000
11100011110000000000000000000000
11010001110000110000001000001100
11011110001101110000000000000000
11001100110010110000000000000010
11010001000110011001100110011100
11100010111011000000000000000000
11011011100010000000000000000000
11010101011101000000000000000000
11010010001001100000111001010110
11010111000001000000000000000000
11010111101011010000000000000011
11011101000101000000000000000000
11010101111010010000000000011001
11010101101100100010110100001111
11010100110110000000001110001101
11010010111010010000000000000001
11100001010000110000000000000000
11010110110011110000000000000000
11010000100010000000000000000001
11010110111101110000000000011111
11010010000011000000000000000000
11001111010101100000000000101111
11000101001000100010110111000101
11010010101111000011100011010101
11001111110111010011010100100011
11010101110001001001101110100110
11011110110100100000000000011111
11001101111010010000011000100101
11011001100000100000000000000000
11011111111011110000000000000000
11011001010100000000000000000000
11010001101111001001100001000000
11010011000011110000000000000000
11010011000011000000000000000010
11100001000011000000000000000000
11010001010011010000000000000000
11011011101110110000000000000000
11000111101010001111001110011110
11011110001011010000000000000000
11010011110110110000000000000000
11010110111101100000000001100001
11011100100111000000000000000000
11100001100011010000000000000000
11010100101101011101011100001010
11100100010111000000000000000000
11001000001111010001100010010100
11100001001101100000000000000000
11000011110010000000001100110011
11010110101011000000000000000000
11101000101011100000000000000000
11100011101011010000000000000000
11011110000110010000000000000000
11010111101111000000000000000000
11001111011100111100011100000110
11001110010110100001101110100110
11010100000010100000000000000000
11000110010110000100100000110011
11011000001001010001010111000011
11010001110110010001011100110110
11100100100111010000000000000000
11010011001010110000000000000000
11010011011001000011110101110001
11001101110110000000000000000000
11011011001011100000000000000000
11001001011011011001001100000001
11010000100100110000000000000000
11001010000111000110111110011110
11011000101101100000000000000000
11100000010110110000000000000000
11010011101011110000000000000000
11001110111100100000000000000000
11100001101110010000000000000000
11010010000010000000000100000010
11001101101001110000000000000000
11001101111101110000000001010010
11010001101111100000000000000000
11011100101101000000000000000100
11100010001010010000000000000000
11011000101001000000011110101110
11010101000011100000000000000000
11001101110010010000000000010111
11011010100110000000000000000000
11001000100100010100001110010110
11001010111001010110000001001110
11001111101110010000000000000000
11010100001011000000100000110010
11100110110110110000000000000000
11100011000110000000000000000000
11011001011000010000000000000010
11001101111110101100010010011100
11000110110001100100110111010100
11000011010101110010111101011100
11000111100110100000000000000100
11011000111001010000000000000000
11001011110111110000000000000101
11011011001010010000000000000000
11011011100100000000000000000000
11000101110100111010010011001111
11011010111010100000000000000000
11001011010000110110000001011101
11011101011011010000000000000000
11001101110000100000101100010011
11010110110100011101110100101111
11100001000010100000000000000000
11010011001101110000000100011111
11000111110010110010101100000010
11001100111110000000000000000001
11100010100001000000000000000000
11010001110000100011110101110001
11011110101010110000000000000000
11100000101011010000000000000000
11100101111010110000000000000000
11011000111010100000010000011001
11001010001111010000000000000110
11001111101100000000000000001001
11011110001110010000000000000000
11010100101010001000111101011100
11001111111010010111100011010110
11010100111111110100110111010011
11010011011001100000000000000000
11011110010100100000000000000000
11001110100010110100100010001110
11101101001011110000000000000000
11010101011110000000000000000000
11010100000010010000000001101101
11011000110010000000000101110101
11011001100000110000000000000001
11010100001010000000000000000000
11100001110111000000000000000000
11010011101000101000100100111000
11010101011101000000000000000000
11010000000101110000000000001011
11010100100100110000000000000000
11000101111111100000000011111001
11011001000010100000000000000000
11010110000110110000000000000000
11010001100010110001001000101101
11000110100101001010110000001001
11010010010000110000110111010011
11100000010010100000000000000000
11010110111010110000000000000000
11010101110110110000000000000000
11001110101110100000000000000000
11001010110111010000011100011011
11010100011111110000000100100111
11010001100110111010010111101101
11001111100111101010011001100110
11010110110001010000000000000000
11011000000001100000000000000000
11100011000011000000000000000000
11010110010001110000000001011000
11001110100001000000000000000000
11010111110000100000000000000000
11010100100100100000000000000000
11010001001011001110010111100100
11011001111001110000000000000000
11001101011010110100110111010011
11011100100111000000000000000000
11011000011010000000010000011001
11001101001000100000000000000000
11011100111010000000000000000000
11000100101101000000000101010000
11001111110101001111110111110100
11001100101001000000101110000101
11011000101110010001011001000110
11100100000011000000000000000000
11001111110101001111110111110100
11010100000010100000000000000000
11001101100100111111011110111101
11011011101110110000000000000000
11001010110001101011000000100001
11010011100111000000000000000000
11000101001101100010110100010010
11011000000011110000000000000000
11101001110100110000000000000000
11010101110110110000000000000011
11010101010000100111001000101110
11010011011101111100111111000010
11011010110101110000000000000000
11000100011001000000101001001110
11011101010100100000000000000110
11100101011010010000000000000000
11010011100101111000110110000000
11001001110110010001100001110010
11010010001110111010001111010111
11010110001101100100011011100010
11011101100001110000000000000000
11010100011100100000000000000000
11011101000111000000000000000000
11001110001001111111001011101110
11001110001111010101000010000000
11101000111010100000000000000000
11001101000100110000001000000100
11010100010110011101111100111011
11001101101001011110001101100000
11001100100101100000000000000000
11001001100010000011010100111111
11100011001111000000000000000000
11001011111101000000001011000001
11011011010001110000000111101100
11001110100011111001001101110101
11011000100010100110111010011000
11010011001101000011100001010010
11011100000000010000000000000000
11010001010100001110010101100001
11100000110000000000000000000000
11010101010011010000000000000000
11010101101010110000000000000000
11010100010000110000000000000000
11001101010100100110100001110011
11010000010000100000000000000000
11010111111010010110111110011110
11011011101111010000000000000000
11100100011111000000000000000000
11011100110000110000000000000000
11010111111000100001001111111000
11001001010110101011100001010010
11010100001000010000000000000110
11010011011101010000000000000000
11001001101111011001001001101111
11100100010100100000000000000000
11010011100101010000000000000000
11010011111001110000000000010110
11011010000011010000000000000000
11011100111000100000000000000000
11101000010000110000000000000000
11001111100110110000000000000001
11010100001101000011110000101101
11100011011101000000000000000000
11010001100000110010000101101111
11010011001100100101011000000100
11011000000000000000011110101110
11011101001110100000000000000000
11011111011100100000000000000000
11000100111011110000110101011000
11011001110110010000000000000000
11001110101001100000000000000000
11100011000111110000000000000000
11001101100101100000000000001000
11010110000011110000000000000000
11010100011100011010100111111101
11010101000001011111010111000011
11000001111110001110100111111100
11011011100000010000000011011001
11010011010001100000000000000000
11100011010100000000000000000000
11010100101101100000000000000000
11010011010101001111110111110111
11010101011100100000000000000000
11011110000101010000000000000000
11100001000010010000000000000000
11001001000101010011010101000000
11010100101101110000000000000000
11010101101011010111011011001001
11000100100111000011101101101101
11011000101011000000000000000000
11100001101001000000000000000000
11011100100101100000000000000000
11001000110100010000000011100001
11001010100101111100100011010000
11010011100110111010010111100101
11001000000000010001100001010010
11010011100011101000001100010010
11011010010010100000000000000000
11101000000011000000000000000000
11011010101001100000000000000110
11010000111101000000000111000110
11001011110001010001011110001101
11010111101100010000000000000000
11100110001111110000000000000000
11010110000000000100101111000111
11010110010010100000000000000000
11001100100001000000000000000000
11010000010011110000101011100001
11010101110100100000000000000000
11011111100010010000000000000000
11010000011111011111001110110111
11010011101111000110101100101010
11100110110001000000000000000000
11011011000010010000000000000000
11100011011111100000000000000000
11001111000100110111010010111101
11011011000110110000000000000000
11010010100001010010000011001001
11011111101111110000000000000010
11010100000101011000000100000111
11010011111111100000000111010011
11001110001101001011110101011001
11100000010001010000000000000000
11010010101010100000000000000000
10111111111000101011110001101011
11010111010110100000000001101111
11010101100101000000000000000000
11001010011101100000000000000111
11011001100001100000000000000000
11010100101011010000000000000000
11001001011000100000000001110011
11010011011010110001001111111001
11010101000100111111100111011100
11010000010001001110001100100110
11010110111001110000000101111001
11010000000101011101110100101111
11100001010110100000000000000000
11010101110000101000111111101110
11011100100000000000000000000000
11010000000100010110100001110011
11010011010011110010110011001101
11001001011000010111101110100110
11010010010000000000000000000010
11101011011010000000000000000000
11010000010001001000100100111000
11010001101111100111011011010111
11010100110001100000000001010010
11010010010011110000000000100101
11010010101010010000000000000000
11010011100101110000000000000000
11011100000010110000000000000000
11011100101001000000000000000000
11001100011000100000000000000000
11010011000111110001111000101110
11001001001000010000000001000010
11001111010100000000000000000001
11010001110001001001101110100110
11011011100100100000000000000000
11001110100100000000000000000000
11100011010001100000000000000000
11010000001100101110101110000110
11000111000000110001001001110101
11011001110000110000000000000000
11011011001100010000000000010110
11101010110100000000000000000000
11010000101010011101101100100011
11010101000110110000000000000000
11010101010000101000111111101011
11010100100100010000010000111001
11010001010110010110110010001011
11001100111011000000000000010101
11011110000100110000000000000001
11010010100100110111010011010101
11010110000110010000000000000000
11010110010001101010011111110000
11100000000001100000000000000000
11010011010011010000000000000000
11010001011101110011011011001001
11100100101000100000000000000000
11010111100010011101010011111110
11000000100001010001100010010011
11001011001100110000000000000010
11010101110001100000000000000000
11001100000111011100100111100100
11001011000101010000000000000010
11011100001010110000000000000000
11000100100010110011011001001110
11001000101010010000000111100111
11001110000011100000000000000010
11001111111101010011010110110011
11011101011100100000000000111011
11001110110001001001100110011010
11011010010100100000000000000000
11011000000110000000000000000000
11001110100010000000010000011001
11010110011001010000000000000000
11001100110111100000000011111000
11010001101001010000000100111111
11010100011010111000010101100000
11001010000001000000000111001011
11100011010000010000000000000000
11011000010011010000000000000000
11010111111001000000000000000001
11011001101000100000000000000000
11100100001001110000000000000000
11010001101000111000011100101011
11010101010100010000000000000110
11001111100011010000000000000000
11010000110111110100001111000101
11100110010011010000000000000000
11011000010010000000000000000110
11011001001010000000001010001111
11001110010011001100110011010100
11001111101001100000000000000111
11101000011101110000000000000000
11011001100001100000000000000000
11011010101101000000000010011000
11010111010101110000000000000000
11010100000101011010011111110000
11010001011011100010011001100110
11001010000010100011011001000110
11011011100110000000000000000000
11010110010000000000000000011110
11011000001001010000000000000000
11001101011101000001110110110010
11010100100010110100001110010110
11100010101110000000000000000000
11010011110111000010010111100011
11000101110001001001111001011000
11010000101101110000000000000000
11011011101001110000000000000000
11001111001011010000000000000000
11010101101100000000000000000000
11010100010110110010011100010010
11010010010100001001110000111010
11001111101100010110101100000010
11010111010100010000000000000000
11001010011001111011110001101011
11000110000100000100111111100000
11100010001110100000000000000000
11001111110101100000000000000000
11100110100000110000000000000000
11010000111010100000000000000000
11000000101101011110000001000010
11010011010100110000000000000000
11001101001100010000000000110110
11011110000000110000000000000000
11011101011011000000000000000000
11010010001110100110101000100110
11010111010010110101110000101001
11010010010100001110010101100001
11010110100000010001100011010101
11011110100101100000000000000001
11011111101100110000000000000000
11010101100011000000000001110011
11001011101100000010000011000110
11011011000100000000000000000000
11011001011111000000000000000000
11010010001011110000000000000000
11001011011110000001110010101100
11000111000101111101001110110111
11001110110010001110100000110010
11010101010111011110110110010010
11011000111101000000000000000000
11011101011000110000000000000000
11011101100011000000000000000010
11001010101001000011101001011110
11000110101001011110010011010111
11011000100000010000000000000000
11010000010001011000100100111000
11011101000001110000000000000000
11010010101001100000000000000000
11010001000011110101111000000101
11000011110010000110011010001000
11100001010100100000000000000000
11100110111100000000000000000000
11100011111101010000000000000000
11010100110110010001011010100011
11011111001000000000000000000000
11010010110100010000110001001010
11001001100100001100010010011100
11011111011101100000000000000000
11011100110111010000000000000000
11100011111001110000000000000000
11010010000100100011100001010010
11010001101100010000000000000001
11001011100101100000000000000011
11001010100001010101111000110101
11011000001100110000000001000010
11010111110111100000000000000000
11001101100100100010111000010100
11001100000100110000000000000011
11011100100110010000000000000000
11011110100100010000000000000000
11100110110110100000000000000000
11001101001010000000000011110010
11001010010101010000000000000010
11001000001100011101011100001010
11010100110111101011111001110111
11010010111110000101010011111110
11010110001000000000000000000000
11010000110001001001101110100110
11011101000001100000000000000000
11011110001101110000000000000000
11001101100011100000000000000111
11011000010001010000000000000000
11010100100111110000000000000000
11010011010011001001001001101111
11010110011010000000001011100001
11010111111001110000011100101011
11000111110001100101111110100110
11001001001000101111001001110111
11001111111111010110101110000101
11011111011001110000000000000000
11011101001010010000001110001101
11010001000001000001111000100101
11001001000011111001001000101001
11000111110100010000000001010110
11100110000100100000000000000000
11001100001100100000000001011000
11011100010001100000000000000000
11001100001010100100110111010011
11100011111011000000000000000000
11001000100101100001100010010011
11011001001010010000000000000000
11011101010111010000000000000000
11000111111111010000000000011111
11010111110110100000000000000000
11101001111101100000000000000000
11010010101100000000000000000000
11010011111011011001111101011001
11001110001111011010000111101100
11011010011101100000000000000000
11100010011000110000000000000000
11001011010101001111110111110101
11011010001100110000000000000000
11001001110100101101010011111110
11010000110000000000000000000000
11001101101011110000000000011011
11001010101100010000000011110110
11011010010000000000000000000000
11100011101011100000000000000000
11001100111111011111001110111010
11100010101100010000000000000000
11001110000111101110101110000110
11011000000010000000000000000000
11010111001110000000000000000000
11001100110010110110101110100110
11010011001011100000000000000000
11001110011001010110000001000010
11001001111001010110000001001100
11010101001010110000000000000000
11000111101000010001011010000111
11011011000011010000000011011001
11101000100110000000000000000000
11001011110000101111110111110100
11010111010010000000000101011000
11011111000000100000000000010010
11010001100000110000000001100011
11100101010111100000000000000000
11010011100100100000000000000000
11001100000111000111001011100100
11001010100100000000000000101101
11001111110000011000000100000110
11001101101111000110101010001110
11011010110100000000000000000000
11001100010100110001110010101100
11011100001101010000000000000000
11001001110011001110100101111001
11001110100100100000000000000000
11011011001100010000000000011110
11100010101100110000000000000000
11010010001010010000000000000000
11010101000110110000001010100000
11011111100010010000000000000001
11001101000010000000000010001011
11000101001100001001111111000011
11100110111010010000000000000000
11010000110110101000010010001000
11010110011110011101101111100000
11100011000000110000000000000000
11001000011001110110110100010000
11100111100111010000000000000000
11100110010011010000000000000000
11010011001001000000000000000000
11010111101100100000000000000001
11100001011010010000000000000000
11010000100011111010001000101001
11010011110111010000000000000000
11010111111000000000000000000000
11010100101101100000110100001110
11011001000000000000000000000000
11001110100111000111000010100100
11011101001010000000000000000000
11100100100010110000000000000000
11000111000111000111000010100100
11010111110010100011100101011000
11100001010011010000000000000001
11001110010000001000010011000111
11001100000111000000101110100110
11000111010001011001011110001110
11010000101011000011011111101000
11010100110110100000000000000000
11010010101100010000000000000000
11010101000111110000000000000000
11010011101110010000000000000000
11010001011110011100010010011100
11011000000101000000000000000000
11011010100011010000000000000000
11010010110001111011111101011101
11001011001100000001110000101001
11100100000100000000000000000000
11010000101001000000000000000000
11010011100000010000000000000101
11010100011001010110000011011101
11100011000111110000000000000000
11001001111010001111110111110100
11010110110010010000000011001101
11010000100110000000000000101001
11100111001100100000000000000000
11010011100110001000000100000110
11011111010011110000000000001101
11010011001111110110111010011000
11001001000110100011000100100111
11010010110010000000000000000000
11001110100101010000000000101011
11100010000100010000000000000000
11011001100010010000000000000000
11100001110100110000000000000000
11010000101111000011110111101100
11011000001100000000000010110110
11001001100011100101101000011101
11001100100111101011101001011110
11001011111111100010111010110111
11010000011100100110011001100110
11010011111000010100011110101111
11001001011001010110010100110010
11010000011100100001100010010011
11001011010111101001001100011011
11010111111110010000000000000000
11000000110010101010011111110000
11010010101111000000000000000001
11101001111101000000000000000000
11010101001110001110000101001000
11011100111011000000000000000000
11010100110001001001101111001100
11011101010000100000000000000000
11011101100010110000000000000000
11011010101010100000000111001111
11001010101010100010100011110110
11011111001111110000000000000011
11010111011110110110000001000010
11001111010010100000000000000000
11000010110001001100101010101001
11001011011101110000111001010110
11001001001010010011110000101001
11010010011000010101000001001111
11101010010011000000000000000000
11010111100100010000000000000000
11010010000101110101000111101100
11001110010011110100000010000011
11011010011101010000000000000000
11101001101001010000000000000000
11100000111001000000000000000000
11001011001100000011100010000101
11011110111101110000000000000000
11001010100000010110101000100101
11010011000000101100001110110110
11001101101000000000000000000000
11100000011111000000000000000000
11010100011101110000000000000000
11010100111011000000000000000010
11001101110001100000110001001010
11011101101101000000000000000000
11100110000101010000000000000000
11100111011111000000000000000000
11010101100010110000000000000000
11100000111000100000000000000000
11010001100110010000000000000000
11011011000010100000000000000000
11010100111110110101011100001011
11010101000101110000000000000001
11000110101011110001001011110010
11010100011001010110000001000010
11011110101100000000000000000000
11000101001001000011011110001111
11001011101101000100100100011001
11010110011011100000000000000000
11010011011010100000000000000100
11010101010101000010100011110110
11010101011111011111001110110111
11100000110000110000000000000000
11011000010100100000000000000000
11011100000110110000000000000000
11001111110101001111111001101100
11010001010011000000010110000001
11000111110001111110111110011110
11010001110101110000000000000000
11101000100000000000000000000000
11010001101011001000110101010000
11010000000001100111011111001111
11011000100010000000000000000000
11011010100011100000000000001110
11010110001110000100000010000100
11010101110110000101100000010000
11100010110100010000000000000000
11011010010101110000000000000000
11010101000010001001011110001101
11000111001111100011000010000000
11001011011010100000000000000100
11100101000110000000000000000000
11010110010001100000000000000000
11001011001100010000000000110101
11000111100001011100010010011100
11010101011011000001100100010111
11011000011001010000000000000000
11010001010111100011110011101110
11011111100010100000000000000000
11011010101010000000000000000000
11010000111000100011101101100100
11010011100110000000000000110011
11100111111111010000000000000000
11100000000111000000000000000000
11011010100011000001111000110101
11010010111101011100001010100000
11001011001100000000000000000001
11001011001111110000000000000000
11001001110000100000000000011000
11100001110101100000000000000000
11001010100001000000000000000101
11001101001101010110100001110011
11010001001111100001110010101100
11010111101100100001000001100010
11001101001101101110101110000101
11001111111101011000001100010010
11001101000000000100111101011100
11001101000010100110100101111001
11010110000000100000001101110101
11011110101010100000000000000000
11011100001101110000000000000000
11010010110100110000001000001100
11010111000001000000011011101001
11010111001111001111101111101000
11001101101011100000000000000000
11001000010110010000000011011001
11011101101010000000000000000000
11011110101010000000000000000100
11101001000101100000000000000000
11100111000100110000000000000000
11010110010110100000000000000000
11010101001010100100011011101000
11100100011010000000000000000000
11010100100100010110110000101111
11011111100010000000000000000000
11101001110011110000000000000000
11001001110011010011010100111111
11001111101100001011101111000101
11010100000000010000011111101011
11001110101110000000000000000000
11100001110101000000000000000000
11011011101001110000111100011011
11010100010110010000000000000000
11011000111000100000000000000011
11000111101000000101011000000100
11010011011101011100101000000000
11001000011000010101110000101001
11010010110100010011011011100001
11010010100100010010000011000101
11001101110011100000000000000001
11011000100001111100101011000001
11010101111100010000000000000000
11000111010111010111110100011011
11001111011001010000000000000000
11100011111111010000000000000000
11100100010101100000000000000000
11100101000101110000000000000000
11001010110110010000000001000001
11010111010010100000000000000000
11011110111000110000000000000000
11010100100000010000000000000000
11011111011111000000000000000000
11010001111110010000000000000001
11011110110011110000000000000000
11011010010100110000000000001110
11010010101111100111011011001011
11010010101011100000100000110001
11010011110110100000000000000000
11100001111011000000000000000000
11011101010011110000000001110100
11010000001001111110111110110010
11010100010011110000000000000000
11001110011001010110000001101011
11010100110111100000000000000000
11000010000001110001110101110001
11010000011100011011110110111101
11010111110000000000000000000000
11010010001111000110101010000000
11101011110111110000000000000000
11010101001110100000000000010101
11011010101111100000000000000000
11010000010011001000110101010000
11011111000110110000000000000000
11010001011001111111000010001100
11011100111100000000000000000000
11010001000110100000000000000001
11010010011011111001110110110111
11100111101001110000000000000000
11001101011100011010101000110110
11010110111101010000000000000000
11011011010100010000000000000000
11010001010100110000000000010000
11100011110110100000000000000000
11001000000101000010001011010001
11010101010000100001101010100000
11001100000101000010110010111101
