[[1117, -2657, -1500, 699], [13209, -19220, 1848, 5910], [6808, -16430, -1537, 905], [-6157, 1206, -6619, -1219]]
[[-4156, 3763, -11040, 4082], [-6374, 9901, -18672, 8110], [-19978, 16797, -21008, 20010], [8680, -25219, 27852, -21129]]
[[16928, -1859, 7958, 11281], [-6019, -14018, -731, 4258], [-28794, -1015, -7482, -14699], [22157, 10298, 5445, 6562]]
[[11406, 13120, -13648, -13148], [6321, 13209, -15828, -3969], [-9543, 9841, -7919, 5420], [-9544, 14278, -19698, 9060]]
[[11007, 6233, -3526, 10525], [13157, 5827, -8662, -2357], [13655, 7300, -9306, 6054], [-5825, 7256, -16472, 2460]]
[[-161, -5832, 6560, -4993], [-326, -6033, 10012, -3090], [8667, -6366, -6198, 4862], [-1938, 6606, -13234, 2134]]
[[-17558, 1039, -406, 6267], [-19231, -32473, 3112, -14960], [6805, 9676, -7216, 493], [-12015, -18189, 1330, -6195]]
[[-4311, 12388, 1401, -15795], [-12220, 16560, 9025, -15299], [13724, -15289, -12536, 31897], [-10022, -12043, 3503, -7545]]
[[9642, -29997, -4717, 10856], [-6528, 5194, -7507, 14377], [-3457, -5745, -7913, 8124], [459, 15811, 14010, -8743]]
[[-16402, 13934, 11720, 5497], [15728, -8972, -3900, -257], [5214, -842, -2384, 3114], [-22386, 14701, 6183, 6009]]
[[9294, 7356, -3221, -1229], [12118, 8091, -13494, 11492], [812, -4196, -3401, 6874], [1153, -3395, -1680, 8971]]
[[11027, 2756, -13694, -16078], [2408, -6274, 715, -21752], [-4091, -758, 2889, 15213], [10733, 15785, 4612, 6708]]
[[13793, 3189, 9074, -1137], [6498, -5198, -3270, -7330], [6644, 2948, 5708, -526], [-11806, 1187, -2455, 8132]]
[[17500, 7984, -28502, 19737], [-4467, -982, 2143, -5538], [5158, -4814, -4380, -1962], [-15674, -7438, 14767, -17769]]
[[-9963, 12180, -23929, -4298], [-12897, 5209, -6846, 21597], [-1766, -1657, -12654, -9457], [6149, -8098, -1246, -13276]]
[[8002, 2959, -18601, 6737], [-589, -291, -3641, -1824], [-6806, 752, 18661, 301], [-3440, 2642, -8860, -12644]]
[[3886, -5958, 5916, -9094], [6297, 2296, 1109, -5426], [-11054, -12639, -4931, 940], [-11644, 3683, -967, -9574]]
[[12822, 12490, 5624, -13548], [-15103, 3507, -12987, 7931], [-2528, 5708, -1062, -8706], [8548, 11740, -8800, 12970]]
[[7612, 20349, 9092, -7325], [-2663, -8582, -226, 2919], [-13155, 14250, 1378, -19559], [7152, -21957, 1585, 8856]]
[[28808, 33144, 14637, -15042], [5532, -3076, -2718, -13816], [6831, 11595, 6590, -1641], [1945, 10797, 1642, 1569]]
[[6897, -276, -14182, 5160], [-6505, 3506, 5755, -208], [4900, -4262, -7433, -4857], [-1633, 5986, -10661, 9445]]
[[60, -626, -4446, -2256], [-19536, 93, -8303, 15803], [-3094, 646, -22768, -13705], [10295, 2040, 6858, -683]]
[[-18779, -10929, 5730, 11394], [-8968, 1547, 7853, 10369], [-6422, -13299, -4488, 13299], [6149, 12871, 3571, 7905]]
[[9672, 16108, 9784, 8928], [4202, 10574, 18240, -12346], [3406, -2284, -6616, 6467], [-6887, -9610, -14996, 9328]]
[[-2581, 7768, -14285, -11829], [3235, 13634, -12985, -14261], [-10003, -5594, 10728, 10253], [-7670, -3655, 1456, 8464]]
[[6045, 7793, -7139, -8012], [-8026, 1899, -966, -15670], [-14172, -4077, 3738, -9806], [9973, 6317, 826, 1994]]
[[1133, 4934, -23955, 11113], [12531, 1346, -351, 8393], [9757, 3363, -15059, 10059], [-3774, -7549, 7247, -8698]]
[[15644, -13619, 7229, -19605], [22185, -15207, 4067, -5738], [8294, -16220, -9339, -11134], [-4803, 9096, 6722, -2681]]
[[16098, -439, -4091, -8680], [-884, 9601, -13082, -9278], [-4478, -5293, 13023, 5453], [8561, 8396, -5752, 6149]]
[[-3575, -35882, 15724, -19378], [-9967, -16544, -5104, 1861], [1003, 19368, -13030, 14856], [-7629, -14232, -6252, -12537]]
[[7799, -4912, -9319, -19490], [-1853, 4449, -1714, -4133], [5080, 2486, 2520, -14548], [-3613, 11292, 4020, -3176]]
[[-4785, 11880, -6801, -3092], [-8189, -3259, 6405, -15047], [8754, -23570, 2921, 18268], [9044, -14718, 5371, 14696]]
[[-15231, -17923, -3342, -10695], [-5532, -1513, -5106, 24369], [2135, -5491, 6768, 7656], [685, 6337, -372, -16534]]
[[2197, -1114, 3793, 493], [-4138, -15728, -13380, -11547], [-7938, -13772, 1610, -14057], [8801, 10870, 19699, 10934]]
[[-178, 20423, 13261, -3578], [-8312, 4176, -17514, -17530], [-10753, -11740, 9834, 23395], [2858, -2448, 17870, 19448]]
[[-10859, 2857, -15522, -11406], [1395, -1119, -16640, 10354], [-3418, -6323, -12789, -5271], [-7137, 4101, 5635, -1364]]
[[14780, 5430, -10761, -21022], [17122, 4876, -14973, -12482], [2680, -5329, 2172, 4159], [-5628, 3378, 5589, -7318]]
[[-3692, -5649, -442, 2997], [12234, -916, 5223, -14318], [-9382, -5518, 8201, -4952], [2610, 11880, 2985, 6314]]
[[9846, 2142, -9766, -3724], [7895, -9373, -9000, -1366], [16622, 2072, -14174, 1154], [4386, 9133, 2566, -27351]]
[[-11519, -23289, -1869, -19575], [-13792, -24150, -622, -20416], [1558, -2647, 5023, 1440], [12527, 16975, -7053, 9911]]
[[-1798, 13179, 11825, 11775], [-7112, -788, 2490, -841], [-14658, 140, 8970, 7290], [6146, -14697, -22557, -26840]]
[[18050, 13951, -3665, -10919], [14218, 14205, -3496, -15257], [4308, -2, 6642, 6544], [-4450, -1293, -10133, -5475]]
[[-4930, -16863, 8157, -1678], [15819, -1096, 10904, -19939], [-5299, -14557, 245, 4384], [-14030, 6414, -626, 1037]]
[[8409, 7211, 12952, 16352], [935, 3527, -2745, -8215], [-1308, -949, 30035, 12030], [1383, 11750, 20378, 10095]]
[[-20394, 5623, 8765, -1949], [19606, 6177, -3000, 15721], [-13514, 8645, 15748, 2435], [-2232, -10149, -1209, -13004]]
[[4993, -18504, 4801, 8483], [-17437, 19410, 16143, 6889], [12760, -13930, 1072, -6916], [-15968, 11718, -1716, 3144]]
[[-14144, 6527, 12922, 1066], [-5543, 14224, 114, 8819], [12871, 11657, 27982, 1321], [968, 30455, 3324, 13398]]
[[-12843, 10297, 5415, 8444], [19608, -31961, 14032, -4362], [11890, 4243, 21852, 4150], [-3402, 17194, -27761, -9460]]
[[1476, 6567, -4650, 13294], [-3399, 12675, -12549, -4787], [6567, 13361, -7411, -3621], [-7586, 2628, -4016, -6346]]
[[37195, 7071, 15169, 5337], [-2536, -10716, 5563, 14427], [-3708, -6156, 3478, 340], [-11999, -9194, -465, 4373]]
[[-2478, 16542, -22874, -12204], [-9772, 11527, -11692, -11410], [14922, 4023, -10948, 18502], [14107, 5494, -2252, 29320]]
[[4911, 7105, -10440, 24890], [5101, -2450, 7555, 2715], [3911, 12230, -154, -2937], [-6603, -10902, -6211, 10947]]
[[-2448, 1912, 4351, 14337], [-9852, 3364, -26314, -9650], [11541, 3356, 27375, 1383], [-4315, -8844, -21135, 1909]]
[[12143, -10151, 7944, -4116], [-4167, 30860, 11538, 15601], [-6557, -18922, 2537, -1225], [-5757, -15292, -25288, -3489]]
[[3776, -3444, -3000, -9320], [-6240, 2987, 1663, 9413], [7951, -1150, -4337, -8999], [4862, -6435, 14781, -14583]]
[[-5329, -5616, -7732, -4442], [7552, 8447, 24255, -4813], [-1177, -20502, 13226, -21378], [-9669, 5648, -6568, 4354]]
[[3079, 2997, -9847, -962], [-23020, -27893, 5880, 11911], [1181, 1035, -10733, 668], [6325, 25297, -11815, -12890]]
[[12056, -11679, -4118, -17723], [6760, 7443, 4505, -6099], [-10321, 11819, 3129, 17943], [5088, 2841, 1766, -8171]]
[[8460, 12921, 8049, 4822], [3208, -3329, 12287, -5978], [6335, 13035, -7632, 18409], [-15840, -8485, -495, 3262]]
[[-19578, -5207, -11092, -5015], [4828, 6339, 9432, -1272], [-2251, 13498, 12265, -3531], [695, 3925, 1347, 45]]
[[-8018, -9877, 20697, -902], [-8100, -20613, 36837, 1024], [-13963, -6466, -11911, 8711], [-2689, 3307, -8811, 855]]
[[12313, -1509, 6636, 18454], [-3921, -4587, -5797, -12772], [13823, 4224, 886, 21669], [-2965, -7617, 7235, -5812]]
[[23265, 10358, -16649, -6351], [-27895, -5693, 15677, 760], [30465, -14503, -9158, 9021], [8945, -9410, -9490, 27738]]
[[-1748, -6524, 1098, 1572], [-1930, 2639, 2339, -4334], [8619, -14075, -11938, 20725], [-7388, 97, 9811, -14230]]
[[-3915, 2055, 17820, -946], [301, -512, 12485, -11071], [4805, -2269, 6394, -13648], [-4461, -12108, -14629, 6610]]
[[532, -1726, 7542, 6687], [-11695, 5157, -3386, 8644], [9056, -6834, 4916, -14517], [9897, 11661, -3669, -5090]]
[[7307, -2348, 11444, 17904], [-9966, 8576, 8051, 4277], [-5089, 296, -5776, -17010], [-13776, 13184, 3864, 15396]]
[[1894, 13453, -4180, 1385], [5224, 14282, 9580, 13635], [6771, -991, 8538, -15540], [-3795, 10743, -8720, 18528]]
[[-15338, -10228, 16224, -9614], [18353, 5461, -1743, 14260], [-5838, -12369, 12417, -4581], [-11599, -2930, -7179, -11077]]
[[2541, 1899, -17328, 20123], [-9176, -3947, -6147, 11625], [22645, 16397, -3973, -16805], [1674, 6860, 1228, -17224]]
[[-11564, -6391, -18384, -6396], [6317, -10820, 1975, -9329], [-5459, 8938, 6850, 7855], [11018, -6485, -10213, 2000]]
[[-2413, 1267, -21991, 27031], [-2165, 4769, 13376, -15289], [6461, -185, 17260, -15679], [8738, -1202, 18868, -13041]]
[[-20618, -11317, 2556, 4156], [11778, 9216, -12145, -8254], [-9432, -6616, 5032, 6638], [-1646, -4400, 481, 18288]]
[[-5067, -511, -6862, 11971], [-6615, 1509, -7534, 6230], [4731, -10693, 16362, -11215], [-17243, 6411, -10534, -4817]]
[[12135, -17563, 11398, -4693], [-5186, 17851, 11513, -13107], [-1295, -14919, -3129, 22118], [1957, -995, 5357, 20776]]
[[14789, 10841, -5410, 17051], [404, -799, 3564, 5505], [1606, -2669, -202, 4820], [-6333, -6083, 17853, -21044]]
[[-6771, -14849, 8469, 7367], [8203, 7579, -7959, -717], [-4139, -11920, 27529, -9612], [5669, 15142, -1680, -12802]]
[[-9714, -8481, 17610, 287], [-12785, 12105, 9588, 3958], [-4253, 2934, 6414, 2494], [11824, -14643, -5643, -1200]]
[[-8974, 1044, -9210, -3464], [13802, -4893, 21368, 17757], [-8145, 7729, -95, -1291], [2810, 18641, 4588, -6020]]
[[-13187, -3831, 4500, -1604], [-6195, -9857, 12109, 5547], [-1888, -3671, -9749, -11160], [-10672, 30160, -26857, -11225]]
[[411, 35496, -17928, 5845], [-5946, -1284, 653, 14327], [-6463, -4460, 9835, 3594], [-6829, 2692, 5964, -10139]]
[[1606, 7514, 9304, -4560], [6666, 1478, 30478, 6218], [6940, -7332, -18720, 8443], [6330, 330, -6540, 1398]]
[[-10778, 9650, -12082, 17537], [9268, 3740, 8806, 5789], [-5198, -3940, -3811, -15609], [4569, -8262, 3476, -8924]]
[[-19448, 1334, 3949, -4071], [-22515, 19324, 18926, 8179], [-2089, 14986, 13530, 6631], [-6720, -23095, 9018, -26600]]
[[-9932, 2814, 12706, 4567], [-15088, -5386, 4794, -7143], [4595, 11574, 12099, 14346], [1269, 13474, -567, 4140]]
[[-11131, -2614, 9387, 22742], [-4075, -3428, 8579, 12082], [3741, 1255, -2569, 5796], [8513, 1212, -673, -22]]
[[-6044, -10459, 7177, 11004], [11020, -7400, -14522, 3256], [13212, -7986, -10053, 18248], [-6442, -3888, 4609, -6654]]
[[-1376, -5771, -3980, 800], [-3630, -631, -15615, 7602], [21573, -23508, 11575, 17069], [-6858, 4521, -13400, -2330]]
[[-5848, -9018, 12330, 21], [-1848, 3490, -9775, -4780], [-6969, -10412, -288, -8075], [-11039, -10186, 6813, -4151]]
[[-13787, 12769, -8599, -4591], [7652, -3581, 875, -14145], [15181, -63, -7435, 9083], [-2977, 3627, -661, 567]]
[[5560, 19652, -15929, 8740], [36, 12356, -12642, 4917], [-3341, -18412, 18205, -2394], [-11615, -9931, 11605, 7434]]
[[-11425, 11110, 421, -15866], [-7368, 8671, 2884, -12926], [-6689, 10414, -5862, -7748], [-14866, 9658, -13154, -19064]]
[[-978, 7756, -11802, -9720], [-2606, -2844, 2534, 1313], [7374, -1306, 12462, 36531], [1161, -2595, 663, -2677]]
[[8971, 2815, 829, 8721], [-14855, -19298, 5769, 3283], [923, 13129, -9107, 18704], [-4432, -26728, 14708, -12111]]
[[-2936, -2365, 9585, 3570], [-3915, 15162, -8859, -11959], [-10954, 20903, -17344, -10488], [-3916, 1792, -5544, 2418]]
[[-15333, -10037, -3880, 5840], [8832, -6845, -16726, 7320], [-11653, -8696, 1383, 11721], [-1122, -10858, -11984, 10804]]
[[-3751, 6771, 932, -11445], [-11457, -14159, -4062, 11575], [5092, 3538, 2532, -388], [15464, 6614, 8685, -14822]]
[[-15400, 8556, -10238, 55], [1875, 2415, 12184, -8294], [-11698, -9266, -2906, 4285], [5785, 7342, -18581, 4618]]
[[-188, -11729, -4031, 22024], [7935, -8599, 1449, -2545], [2726, 24364, 12, -302], [-2684, -5594, 846, -11300]]
[[14103, -14374, 11817, 8722], [14001, 977, -19064, 5068], [19105, 948, -13902, -9250], [28003, -2017, -15523, -10650]]
[[-12077, 9406, -28271, -3002], [9506, 1373, 26783, -5300], [-15307, 9494, -19721, 3699], [-9293, 21007, 5922, -916]]
[[10691, 11423, -10727, -18666], [12135, 25003, 4653, -10774], [-2029, 10597, 499, 733], [11155, -6185, -3753, -17081]]
[[9600, -3403, -6081, 2625], [-7151, 7810, 11868, 182], [15330, -8516, -8132, 707], [-9349, -7781, 861, -15230]]
[[591, 15829, 9266, -5814], [17600, -1072, 17298, 24416], [2423, 6973, 16773, 19986], [2217, -2833, -7877, -3459]]
[[-11917, -12800, 20193, 4549], [15751, 16693, -25091, -11819], [-24597, -28633, 22345, 17609], [-2706, -4991, -16822, 4789]]
[[1986, 6888, -27898, 4047], [5508, -9672, -4188, 9190], [1913, 990, -19915, 7585], [6106, -10350, 12558, 172]]
[[3111, -5290, -12620, 10637], [4600, -12300, 3933, -3207], [-2888, -11874, 6260, 5313], [14473, -5330, 29928, 11017]]
[[-23119, 5990, -5908, -9205], [11209, 12722, -4112, 23504], [-6455, 3436, -4431, 7945], [-12966, 26610, 1362, 14587]]
[[14026, -21435, -20673, -3788], [-1625, -11168, -29010, -25469], [-521, 11245, 21443, 12183], [-2133, 2467, -9341, -24325]]
[[-11612, -2878, -15884, -3514], [6970, 4918, 7413, 10970], [-1162, 4875, -19335, 923], [-3317, -3745, -3242, 6581]]
[[17629, 5688, -5677, 3241], [4842, 20953, 5365, -12072], [-25248, 1445, 2431, -8313], [1789, -4512, 5131, 4945]]
[[3320, 1413, -6513, 770], [13889, -2407, 20685, 9690], [-4555, -6047, -15098, 2845], [-6624, 4394, -11221, -6524]]
[[-11861, -11906, -4889, -23117], [1836, 5540, 17706, 9009], [12564, 8074, 13660, 15064], [3431, -18850, 5719, -10259]]
[[10382, 3379, -7584, 23569], [2132, 4842, -12944, 10379], [-2360, 113, -7500, -1278], [-10963, 20154, -7836, 23522]]
[[-7218, 16060, 26153, 10722], [-18002, -18406, -779, 786], [112, -19315, 3667, 634], [12334, 13011, 14598, -4104]]
[[-5177, -11601, -10604, -16445], [-7825, -3984, -7703, 2006], [5533, -5873, 4470, -8029], [-1082, -5604, -9450, -8068]]
[[-14391, -2230, 7400, -2666], [2351, 1660, 6666, -3361], [28906, -2027, 10441, -18468], [-17490, -20124, -7188, 8394]]
[[-7211, 10611, -12156, 6589], [-15581, 6672, -10835, 14057], [249, 4004, -7415, 20603], [9218, 5499, 24555, 20876]]
[[5844, -1039, -8849, 2054], [15744, 7776, 7134, 8424], [-5587, -2268, 2416, -3587], [12576, -6312, -16013, 5129]]
[[13899, 7110, -6832, -6011], [13762, 1960, -4808, -6412], [-2804, -7256, 14907, -6741], [2940, 8631, -8653, 5669]]
[[768, -5405, 4519, 17570], [-13304, 12603, 11858, -10500], [-2917, 985, 9018, 3298], [8924, -2606, -4256, -10608]]
[[-6104, 15119, -4155, 10029], [15292, -14813, -10770, -4749], [8838, -6967, -3966, 1016], [-29320, 1018, -4333, 11642]]
[[-5324, -4938, 1777, 17302], [-12261, -16320, -11676, 11413], [-5313, -13702, -25780, -574], [-9282, 4892, 4726, 1177]]
[[-4869, 9196, 6602, 3325], [-10743, 5495, 7779, -1056], [12579, 15538, 10105, 23434], [-6426, 3162, -712, -2539]]
[[-12854, 22134, 19157, -7160], [8013, -13838, -3916, -2758], [15047, -8141, -4739, 1205], [6636, 11076, 2877, -1343]]
[[-18507, 8487, 9279, -922], [14154, -2678, 6106, -1078], [-8886, 5700, 13001, -1435], [7369, -347, 1348, 22513]]
[[4003, -8487, 6078, -29908], [13941, 11734, -21401, -690], [10372, 11225, -18031, 13286], [-12174, -10964, 17103, -2971]]
[[-5006, 7878, 7163, 9669], [-9317, 17120, 3066, -3423], [-11527, 14185, 6220, 1346], [4160, -6408, -1055, 6117]]
[[10502, 6275, 8716, 23705], [-10447, 277, 8010, -17374], [13008, 2577, 5026, 7384], [-6491, -11174, -7996, -9018]]
[[26228, 25779, -7674, 4870], [1832, -3047, 16227, -7730], [-5051, 8767, -9802, -9778], [-18599, -17842, -5145, -14107]]
[[580, -1909, 265, -13407], [8540, -3205, -21443, -1559], [3846, 4297, -10106, -8064], [5534, 5282, -9385, -18489]]
[[17036, 15742, 4765, -758], [-1632, 1426, 1808, -2980], [-8945, -12163, 2567, 4534], [5177, 5956, 7096, -2193]]
[[10789, 25735, 24267, -14092], [15028, 4191, -1255, -29734], [17528, 6813, 1758, -24826], [-5889, -7360, -12203, 2918]]
[[11188, -18895, -13850, -7792], [8694, -18356, -7392, 399], [-5970, 3870, -1076, -14914], [2273, 1951, -802, -8201]]
[[-7581, 17886, -10570, 4683], [-557, -5234, 2468, 15366], [6488, -33025, 20623, -1530], [7388, -6408, 14898, -2723]]
[[8287, -264, -8822, -4619], [7737, 1938, -2781, 3087], [-13787, -1533, 4433, -6979], [4797, 13157, 14923, 12048]]
[[-1908, -14931, -9122, 9699], [-8660, 9917, 6528, 4731], [-17482, 21070, 8424, 8418], [-11726, 14883, 16234, 297]]
[[12279, -24117, -9330, -20586], [-10588, 4255, -164, 6735], [-2608, 25472, -6219, 22107], [-2632, -11502, -383, -6662]]
[[2947, -10831, 4887, -8817], [-22590, -12439, -6726, 9089], [-5245, -4408, 3371, 3699], [-9169, -16443, 1943, -5022]]
[[-3268, 10859, -10258, 12679], [15557, 12728, 18914, -21749], [-19893, -11963, -23808, 25984], [-8743, -20721, 8860, -1173]]
[[26581, 17262, 2828, 13915], [-6007, 19082, 16274, -1109], [21210, 7634, 4688, -5548], [-16917, 3299, -10743, -5898]]
[[-3674, -11374, -14491, 18810], [7812, -1175, 7727, 9013], [-2466, -5011, -7052, -6075], [8681, 6977, 16266, -1198]]
[[25901, -19238, 1686, 12097], [-9076, -5174, -4142, 5158], [4071, 7789, -18154, -7336], [-8478, 24379, -13005, -22591]]
[[-15163, 12917, -14282, 8765], [19178, 117, 2605, 3770], [17895, 5665, -1580, 4490], [13141, -20679, -5010, 6954]]
[[-5512, 17802, 10288, -3988], [-7229, -4879, 23611, -12792], [-10862, -764, 33982, -21236], [11090, -8505, -13538, 12182]]
[[-483, -982, -4864, 9019], [14158, 12136, 10681, -3074], [-8036, -4586, 4174, -9641], [-8530, -9048, -2162, -4596]]
[[695, -4008, -8743, 2828], [-6710, 3849, -1871, 18657], [9358, -8808, 27024, -6294], [-18840, 22881, -17363, 23706]]
[[-7772, -10596, 8422, 7242], [6988, 5277, 14314, -5832], [20954, -5664, -8668, 3676], [15027, 12887, 8384, -11588]]
[[4209, -10631, 25289, 9307], [7251, -9262, 14406, -2852], [9139, 1240, -5105, -9763], [5554, -14141, 29235, 7232]]
[[12110, 6899, 5424, 3718], [-13868, -11826, -10011, 752], [-6463, -8100, -1449, -11574], [5180, 11972, 4982, 4994]]
[[-2834, -2694, 6934, -13474], [-3462, 207, -1193, 9750], [9558, 14455, -12593, -6131], [-4082, 7014, -17888, 14168]]
[[-2841, -4667, 2621, -11738], [2322, 13835, 20021, 11241], [5922, -1607, 17297, 1011], [-9099, -7438, -16177, 2775]]
[[8775, 2438, 5525, 3254], [-7118, -686, 14706, -6361], [6190, 9669, 11382, -7679], [-12462, 4652, 5162, 7935]]
[[-20924, -12245, 17970, 8102], [-229, 6296, -15334, -9403], [10651, -2990, 8317, 5791], [-22456, 12238, 13022, 7536]]
[[15815, -7359, 4485, -2524], [16601, -12267, 4153, -4590], [1736, -10966, 5338, 2372], [525, -6749, 10945, -7222]]
[[176, -9729, 6117, 9646], [7255, -5011, 1694, -4545], [9734, -20839, 13627, -4801], [-3083, 20282, -2573, -253]]
[[-4742, -26264, -524, -19092], [21710, -3523, -21811, 11940], [848, -4093, -3253, 3138], [-8648, 4185, 17926, -11734]]
[[4340, -9595, 10183, -2598], [15180, -654, 2730, 2506], [-28, 8832, 19448, -11508], [-12508, 8991, -33, -7193]]
[[-10840, 12644, 6016, 871], [13960, -24180, 1168, 8039], [956, 11794, -4826, -12520], [3366, 3581, -14733, -9302]]
[[-5286, -6782, -10186, 4366], [10224, -17372, 488, -7712], [4639, -12586, -3496, -4268], [6087, -17752, 8648, 18892]]
[[17854, 14611, 4835, -16528], [-19176, -14886, -2228, -5026], [-8310, 14501, -10677, -9292], [16968, 26338, -6088, 2722]]
[[20647, -2411, -13293, -709], [5300, 18079, -4709, -11401], [-3336, -4326, 7808, 4053], [-16110, -6366, 9228, 10185]]
[[-1352, -2444, -4916, -4214], [-21340, -7236, -21686, 9872], [16189, 1968, 15820, -2156], [5727, -7817, 3375, -5024]]
[[-5600, 15714, -14831, 11931], [-17081, -7599, -772, 21723], [14006, 6326, -14451, -7023], [-11983, 9285, -7235, 19563]]
[[-8079, -5286, -9608, 3280], [-3536, -7284, 15808, -7592], [12753, 8442, -19390, 5198], [2142, 12446, 5604, -23767]]
[[18281, 3188, 8769, -11815], [-5078, -6503, 9811, 1434], [14969, -3013, 10262, 1261], [-8270, -10607, 10913, 8093]]
