[[-57, -23, -51, 85], [-81, 98, -17, 76], [-41, 72, 56, 7], [-20, -84, 0, 117]]
[[-64, 65, -49, 61], [-40, 87, -39, 96], [4, 95, 97, 106], [-127, -119, -81, -75]]
[[-73, 32, -64, -27], [43, 101, 53, 36], [124, 60, 120, -35], [-113, -107, -105, -2]]
[[-10, 13, 1, 118], [-40, -31, 11, 77], [-87, 55, -6, 15], [-120, -21, 47, 36]]
[[31, -28, 98, -61], [2, -92, 50, -23], [-7, 1, -66, -105], [115, -8, -87, 89]]
[[-69, 33, -4, 64], [46, -97, -8, 117], [-14, 50, 109, -106], [-92, 71, -28, -106]]
[[-22, -67, -64, -35], [-125, 55, -105, -13], [-27, -60, 101, 74], [-54, 1, -82, 20]]
[[-32, -96, -16, 55], [-43, -9, -63, 124], [-16, 119, 115, -119], [20, -36, -113, -99]]
[[-126, -97, 7, 122], [-98, 89, -85, -87], [-65, 19, -54, 76], [118, 81, 106, 61]]
[[-67, 25, 88, -34], [108, 8, -30, 55], [-9, -50, -5, 4], [-65, 57, 85, -113]]
[[-12, 71, -18, 74], [-31, 104, 93, 53], [-49, 4, 26, -30], [-21, -69, 29, 2]]
[[-95, -116, 83, -66], [20, -78, 102, -49], [36, 64, -93, 52], [-42, 35, -14, 108]]
[[-57, -45, 44, -125], [87, 64, 37, -108], [-83, -43, 20, -28], [46, -4, -55, 83]]
[[125, -14, 125, -113], [-8, -11, -39, -9], [-19, -51, 59, 43], [-79, -7, -116, -35]]
[[4, -91, -78, 124], [-117, -70, -122, -33], [111, -75, -3, 1], [88, -33, 61, -8]]
[[106, 101, 105, -31], [29, 27, -12, -2], [-80, -57, -84, -30], [34, -92, -18, 92]]
[[-126, 0, 55, 4], [-94, 6, 10, 59], [85, 52, 74, -116], [83, 88, -91, -12]]
[[-63, -122, -104, -45], [4, 121, -7, -1], [5, 28, -70, -91], [-121, -78, 2, 121]]
[[56, 61, 114, 82], [-15, 0, -53, -28], [104, -58, 6, 21], [-117, 114, -86, 84]]
[[-117, -68, -111, -57], [94, -68, -122, 102], [-6, -115, 21, -14], [-66, -105, 123, -22]]
[[-10, -58, 30, 101], [-43, 64, -123, -119], [-2, -88, 79, 65], [-68, 10, -17, 26]]
[[-44, 17, -8, 76], [-106, -122, -112, -113], [-63, 98, -92, 55], [8, 18, 79, 17]]
[[23, 93, 77, -93], [-60, 10, 64, -99], [73, -52, 88, -70], [-88, -128, 21, -74]]
[[24, 56, -124, -108], [-122, 68, -118, -56], [28, -54, 29, -20], [112, -33, 109, 69]]
[[-38, -121, 64, 28], [4, -119, -2, -70], [78, 72, 75, -80], [-81, 39, 77, 102]]
[[-46, 109, 46, 32], [92, 33, 93, -102], [62, -55, 105, -118], [-83, 39, -15, 118]]
[[-100, -64, 93, 90], [14, 108, -9, 50], [-114, -25, -43, 113], [58, -43, -37, 2]]
[[127, 54, 23, -83], [-17, 119, -86, -35], [87, 103, 49, 117], [-38, -1, 25, -59]]
[[-104, 36, 83, -43], [-3, 93, 33, 26], [68, -66, -38, -15], [-102, -27, 93, 46]]
[[-120, 114, 106, -107], [108, 74, 25, -118], [100, -44, -66, 55], [-22, 112, -103, -104]]
[[72, 116, -49, 37], [28, -6, -47, 24], [84, 126, 106, 110], [57, -7, 34, 75]]
[[124, 38, 109, 43], [67, -13, -107, 98], [-123, 72, -116, -90], [-117, 66, -34, -28]]
[[36, 71, -38, 122], [126, -57, 121, -29], [65, -37, -44, -32], [-73, 97, -2, 16]]
[[-45, -10, 5, 14], [-9, -93, 118, 14], [101, 99, 31, 77], [-90, 69, -89, 18]]
[[75, -44, -102, -118], [50, 116, 26, 40], [-85, 16, 77, -105], [-44, -90, -12, -84]]
[[-57, -6, -110, -128], [61, 24, 62, -124], [95, -6, -111, 56], [-74, -120, -55, 47]]
[[-14, -100, 54, 77], [124, -10, 124, 103], [-63, -20, -99, 27], [10, -50, 44, -79]]
[[-51, -7, -20, 33], [97, -77, -8, -78], [-35, 7, -128, -76], [-29, 37, 96, -34]]
[[-16, -33, 97, -9], [-126, 12, 106, -27], [-126, -95, 61, 109], [107, -116, -67, -118]]
[[-64, 15, 89, -105], [-34, 0, 109, -114], [13, 62, 88, 110], [44, -83, -53, 99]]
[[-91, 3, 42, 108], [-67, -40, -2, -82], [-92, -74, -58, -102], [15, 99, 99, -104]]
[[-67, -88, -121, -63], [-48, -77, -90, -112], [16, 52, -42, 66], [-35, -92, 35, -39]]
[[90, -68, 68, -83], [112, 62, -19, 56], [43, -90, 16, -33], [-55, 22, 127, -96]]
[[-107, -100, 93, -114], [6, -57, -62, -104], [-102, -87, 47, 79], [-120, -42, -25, 7]]
[[-95, 89, -52, -120], [36, -36, 94, 127], [-96, 70, -104, -31], [35, -46, -73, -3]]
[[-97, -88, 9, -98], [20, -107, -119, 112], [3, -85, 8, -128], [-17, 119, -28, 120]]
[[-64, -90, -27, 115], [-89, 23, -48, -14], [-49, 105, 93, 115], [-112, 108, -121, 23]]
[[4, 9, 92, 20], [-110, 70, -113, -70], [48, 86, 83, -83], [101, -88, -41, 76]]
[[-49, -80, 97, -114], [35, 73, 109, -63], [33, 47, 47, -89], [2, 94, 0, 46]]
[[126, 19, 115, -110], [-120, 115, -59, -91], [-73, -48, 40, -19], [25, -118, -75, 8]]
[[113, -46, 110, -98], [76, -85, 40, -36], [6, 107, 2, -116], [-71, 54, -91, -120]]
[[-87, -83, -105, 76], [-53, 16, -22, -40], [75, -67, 24, -47], [-113, 58, -78, 94]]
[[51, -10, -117, -75], [-118, 121, -20, -8], [66, -117, 58, -25], [-52, -29, -108, 93]]
[[-69, -48, -18, 115], [121, -28, 83, -83], [5, 7, -126, 119], [-55, 14, -105, -76]]
[[-80, 66, 90, 72], [-46, -45, 17, -83], [88, 48, -73, 100], [-4, -24, 94, 85]]
[[-2, -22, 7, 73], [14, 53, -123, -124], [122, -74, -27, 96], [-54, 110, -85, -17]]
[[-77, 118, 89, 45], [74, -96, 127, -1], [-79, 116, 103, 39], [43, 110, -119, -56]]
[[-50, 4, -84, 57], [29, 65, 7, 46], [74, -35, 87, 10], [-2, 84, -48, -79]]
[[-27, 47, 51, 117], [-105, -55, 1, 99], [120, 19, -83, 35], [-43, 127, -41, -29]]
[[-37, 97, -41, 104], [40, 88, 65, -112], [-66, -17, -83, -68], [-72, -125, -88, 32]]
[[-3, -21, 126, -89], [-115, -103, 94, -57], [3, 102, 47, 93], [65, 56, 40, -7]]
[[-76, -63, -21, -35], [95, -36, 41, -5], [-52, -54, -77, -26], [-26, -7, 77, -10]]
[[74, -48, -67, 55], [-110, -14, 81, -46], [125, 123, -43, 94], [-105, 121, -117, 65]]
[[44, 46, -78, 84], [-14, 14, 25, -39], [92, -95, -48, 46], [-7, 94, -16, -54]]
[[-50, -115, -121, -105], [26, -72, 15, -80], [64, -19, 93, -61], [121, 109, 48, 34]]
[[-45, 25, 76, 72], [-62, 108, -47, 69], [-63, -91, -12, -16], [-29, -32, 79, -123]]
[[-5, 117, -7, 71], [-81, 38, -7, -15], [7, -90, -34, -92], [-78, 87, 105, 67]]
[[-88, 67, -74, -19], [98, 117, 1, -49], [44, -40, -91, 73], [-83, 102, 44, -82]]
[[70, 76, 18, -24], [27, -121, -31, -55], [64, 79, -62, -11], [-79, 113, 9, 78]]
[[-43, 35, -66, 108], [73, 63, -63, 15], [29, -124, -56, -72], [44, -102, 42, -2]]
[[-94, -92, 39, 115], [81, 2, 88, -46], [-29, 55, -49, 1], [-97, -31, -49, -100]]
[[-44, -25, 102, -109], [-37, 99, -18, 109], [13, -51, -74, 115], [-5, -105, -100, 126]]
[[-5, -118, -92, 98], [98, 95, 126, 15], [-40, -77, -51, 22], [-21, -102, 118, 15]]
[[-42, 75, -13, 37], [-6, 62, 4, 21], [-98, -107, 109, 47], [-9, 70, 123, 121]]
[[-124, -83, 89, 70], [83, 81, -41, 89], [-124, -19, 55, -111], [-96, 9, -81, -77]]
[[-44, -67, 122, 24], [-18, 79, 53, 28], [-14, 84, 49, 85], [125, 33, -59, -71]]
[[-22, 1, -73, -51], [-8, 77, 27, 67], [-70, -101, -96, 19], [-29, -24, 82, 69]]
[[86, 51, 123, -27], [-39, 11, 45, -111], [16, 10, -67, -71], [66, 22, -112, 103]]
[[-12, -4, 30, 84], [27, 91, 101, -98], [-21, 45, -6, 56], [99, 67, -10, -19]]
[[0, 96, -106, -23], [-7, 103, -28, 36], [121, -18, -1, -124], [-113, -103, 48, -127]]
[[125, 88, 55, 100], [-103, -111, 120, 117], [-128, -49, 115, 63], [101, 68, 31, -128]]
[[43, 83, -52, -87], [92, 104, 94, -128], [-112, -3, -41, 71], [-49, 82, -110, -109]]
[[64, 21, -55, -74], [121, -18, -74, 125], [-124, -42, 100, -105], [46, -69, 118, -9]]
[[34, -66, -37, -75], [-87, -104, -49, -119], [-125, 16, -51, -79], [63, 43, 73, -117]]
[[24, 2, -112, -59], [-14, -98, -115, -55], [57, 84, -27, 23], [-73, 119, 40, -9]]
[[-116, 109, 91, -82], [104, -7, 25, -46], [50, 43, 74, 76], [64, -11, 61, 66]]
[[8, 25, 9, -80], [-38, 64, -40, 34], [41, 16, -110, -15], [-63, 8, 36, -9]]
[[14, 51, 0, 5], [112, 127, 90, -126], [121, 10, -81, 41], [-12, 59, 26, -63]]
[[77, 74, 6, -53], [-93, 64, 46, 96], [21, 94, 87, 70], [33, 119, 42, 36]]
[[64, -91, 59, -75], [-90, -109, 36, 125], [-80, 99, 29, -84], [42, -15, 27, -4]]
[[65, -63, 126, 112], [-7, -75, 69, -15], [78, 101, -121, 34], [3, 80, -40, -116]]
[[113, 12, -76, 1], [78, 4, -76, -3], [101, 27, 53, -57], [110, -84, 44, -68]]
[[-70, -10, -78, -122], [-46, -107, -22, -82], [46, -83, -78, 120], [87, 23, 85, 30]]
[[-113, 36, 7, -31], [29, 118, -16, -9], [-78, 13, 40, 68], [53, 99, -19, -107]]
[[67, -92, -19, 43], [-9, 23, 84, 47], [88, 18, 105, -35], [92, -43, 22, -70]]
[[-115, -81, 79, -19], [81, -112, 75, -82], [-72, 41, 41, -16], [4, -78, 74, -77]]
[[-4, -100, 104, 27], [-42, 102, 108, -11], [38, 3, -94, -18], [37, -123, -113, -78]]
[[38, 117, -85, 64], [-7, -109, -102, -75], [123, 62, 73, 126], [-112, 93, -18, 32]]
