[[-7, 108, 44, 62], [107, -93, 53, 68], [-24, -90, -62, -32], [23, -38, -11, 49]]
[[68, 74, -60, 5], [-30, 76, -111, 104], [-116, 17, 17, 78], [-58, 72, -112, 24]]
[[-126, 0, -68, -96], [41, -111, 39, 87], [-118, 17, -18, -49], [42, -103, -22, 61]]
[[90, -116, 119, -101], [-72, -44, 76, -28], [-92, -94, 6, 12], [113, 107, -114, -117]]
[[32, 92, -124, 120], [-116, -57, 116, 69], [-10, -21, 70, 35], [-127, -63, 54, -87]]
[[-9, 52, 38, 15], [-10, 28, 54, -22], [81, -120, 38, 8], [-2, -57, 118, -50]]
[[107, 113, 21, 74], [95, -121, 38, -97], [96, 123, -33, 11], [77, -94, -14, -60]]
[[65, -81, 28, -1], [-6, -42, 15, 110], [117, 11, -72, 92], [-17, 108, 47, -69]]
[[-46, 117, 11, -118], [-43, 110, 20, 46], [93, -45, 115, 12], [-8, -35, -18, 3]]
[[126, -47, -53, 59], [-120, 13, 53, -88], [-44, 115, 111, 115], [32, -10, 86, -45]]
[[-64, 54, 43, -106], [18, 42, -25, -47], [29, 17, -84, 118], [105, 72, -33, 40]]
[[-62, -122, 71, -67], [-95, 67, 96, 120], [15, 54, 91, -117], [108, 84, 51, -18]]
[[-23, 8, -13, 47], [-21, -88, -91, -125], [123, -10, -23, -107], [-49, -1, -42, -5]]
[[45, 104, -117, 78], [6, 54, 88, 117], [102, -16, -65, 93], [7, 20, 40, 0]]
[[-12, 27, -64, -62], [1, 68, 69, 38], [118, -126, 99, -118], [-5, 68, -78, -79]]
[[-23, 77, -122, -41], [36, -94, -33, 1], [71, 14, -50, 73], [21, -91, -94, -107]]
[[-6, 33, -95, 116], [-62, -17, -42, -109], [50, -40, -102, 94], [95, 100, -111, 88]]
[[-94, -103, 111, -113], [-116, 27, -110, 75], [113, -95, 22, 93], [-100, 13, -33, 41]]
[[-82, 109, 85, -124], [76, -25, 118, 75], [93, 111, -5, 45], [-37, 38, -28, -123]]
[[-99, -119, 11, 91], [-70, -99, -51, 36], [-101, -74, -47, 73], [-22, -75, -127, -108]]
[[47, -64, 102, -67], [-58, 75, 45, 119], [-45, 0, 59, -31], [53, 34, -122, 122]]
[[-14, -33, 73, -20], [76, 30, -102, -124], [117, 29, 99, 24], [-12, -31, 17, -11]]
[[-46, -97, -58, 33], [-82, -32, 40, -17], [9, -119, -23, 27], [116, -37, -55, -109]]
[[9, 21, -56, 112], [-67, 33, 62, -12], [-56, -70, -60, 27], [-58, -47, -2, -95]]
[[-8, -127, 43, -18], [-27, -54, 107, 121], [-97, -8, 2, 35], [2, -110, 6, -4]]
[[1, 36, 66, -80], [53, 49, -85, -48], [-37, 42, 51, -114], [63, 68, 88, -38]]
[[-22, -82, 85, -73], [83, 41, 14, 69], [-25, 26, -83, 43], [73, -34, -76, 47]]
[[85, -116, -17, -65], [100, -75, 20, -89], [-125, 109, 22, -68], [-28, -32, -94, 60]]
[[-55, 35, 70, -33], [-11, 42, -120, -110], [78, 82, 34, -49], [-100, 119, -109, 95]]
[[-20, 41, -83, 116], [4, -109, -69, 49], [11, -82, 66, 23], [71, 92, -62, 126]]
[[56, 40, -86, -99], [69, -103, -41, -90], [17, -1, 40, 43], [-92, 111, 97, 5]]
[[-62, 44, -59, -54], [32, -94, -3, 108], [21, 85, -25, 25], [-14, 17, 78, -75]]
[[-48, -88, 30, 83], [-11, 19, 30, -101], [-28, 61, -78, 59], [-113, -113, -78, -35]]
[[-76, -18, -62, -49], [42, -6, 18, 4], [-1, -128, -119, -88], [-57, -96, 127, -88]]
[[8, 123, -91, -88], [-91, 12, -67, -110], [-26, -71, -72, 115], [63, -38, -83, -84]]
[[13, -47, -122, 64], [38, -15, 43, -80], [55, 12, 67, 97], [30, -11, 116, -19]]
[[47, -43, 24, 42], [-71, -4, -6, 121], [-11, 82, -63, -103], [116, 0, -99, -36]]
[[45, 31, -44, -57], [-89, 101, -33, 71], [68, 74, -1, 35], [-20, -57, -89, 39]]
[[-19, 74, 13, 9], [-100, -62, 57, 118], [65, 17, -81, 14], [7, 41, -20, 116]]
[[-36, 75, 89, 86], [-39, -2, 106, 57], [-52, -126, -2, -104], [82, 69, -23, 54]]
[[94, -42, -74, -75], [-32, -77, -83, -40], [104, 20, -58, -121], [23, 81, 72, 94]]
[[-124, -10, 46, -113], [64, 11, 74, 81], [-113, -86, -49, 46], [-27, -61, 0, 92]]
[[77, -86, 94, -98], [75, 111, 64, -72], [-75, 22, -32, -111], [20, 37, -75, -118]]
[[-30, -118, -117, -117], [27, 75, -127, 43], [31, -45, -13, 85], [-44, -55, 97, -2]]
[[123, -61, -107, -99], [79, 120, 24, 70], [35, 31, -52, 82], [116, 77, 52, 111]]
[[57, 82, -28, -118], [-25, -16, -60, -78], [108, -22, -61, 95], [-75, 120, 27, 109]]
[[74, -106, -54, -77], [115, 80, 34, 22], [29, -74, 77, -24], [15, 43, 127, -22]]
[[88, 119, -65, -62], [93, -47, 107, -4], [-126, 97, 76, 94], [-122, 66, -114, 4]]
[[74, -10, -1, -104], [-26, 82, -52, -56], [-104, 1, -69, 16], [-115, -110, 19, -19]]
[[101, 59, 6, -4], [51, 58, -18, -6], [102, 59, 25, -63], [-107, 75, -108, -120]]
[[-114, 18, -80, -56], [72, -71, 8, 74], [65, 14, -36, -108], [-67, -99, 97, -96]]
[[-123, 104, -85, -125], [-115, -80, 14, -128], [99, -121, 77, 1], [-65, -42, -113, 46]]
[[4, -49, 101, 107], [-72, -22, -112, 12], [41, 27, 85, -75], [-19, -98, -107, -3]]
[[-85, 123, 100, 98], [-94, -123, -57, -107], [68, 101, 94, -15], [26, -50, 120, -24]]
[[17, -84, 81, -68], [11, -40, -121, -15], [1, -94, 109, -85], [60, 13, 23, -85]]
[[12, -114, 123, -54], [-97, -21, -97, 99], [1, -4, -102, 120], [-102, -86, -122, -44]]
[[-97, -24, 13, -41], [16, 104, -92, -61], [-112, -127, -30, 71], [82, 4, 104, -72]]
[[-9, 112, 8, 66], [71, 65, 56, -89], [-90, 68, 51, 122], [66, -11, 6, -67]]
[[81, 120, -65, 89], [-57, 18, -9, 53], [64, 64, 17, -54], [86, 103, 50, 64]]
[[47, -73, 9, 78], [-91, 7, -7, -33], [60, -29, -56, -16], [-63, -94, -119, 4]]
[[85, 68, -116, 7], [-87, 56, -102, -19], [-86, -119, 100, 52], [-14, -73, -63, 88]]
[[-42, 3, -84, -117], [-70, 27, 15, -95], [-71, -90, 58, -127], [-92, 42, -69, -26]]
[[117, 21, -30, -65], [-3, -121, 51, 116], [-119, -103, 123, -56], [118, -71, -68, 5]]
[[-16, -81, -41, 94], [-87, 37, 82, -113], [-39, 105, -19, 19], [-1, 42, -28, 49]]
[[-107, -92, -18, -6], [66, -30, -99, 110], [85, 40, 15, -109], [-82, 11, -70, 17]]
[[-22, -26, -9, 52], [-86, 108, -67, 111], [45, 23, 43, 51], [-24, -102, 77, 33]]
[[105, -100, -46, -26], [-13, 8, 97, 93], [-119, 74, -72, -11], [120, -46, -9, 96]]
[[25, 9, 80, -10], [57, 71, 46, 119], [-24, -101, -16, 104], [79, -106, 74, -12]]
[[-85, 4, 99, -35], [-112, -110, 81, -90], [-126, 42, 25, -70], [-58, 121, -112, -39]]
[[-119, -23, 3, -33], [-118, -106, 39, 118], [-125, -70, 116, -85], [-62, 0, -101, 83]]
[[63, 32, 71, -7], [-104, 73, 127, 56], [-45, -118, -39, -93], [-117, 69, 13, 15]]
[[30, -20, 33, -116], [-54, 12, 23, -75], [22, 42, -91, 94], [43, 33, 98, -96]]
[[-74, -35, -58, -112], [110, 89, -28, -70], [70, 31, -26, 72], [-16, 19, -35, 20]]
[[-29, 110, -51, -101], [-109, 8, -127, 107], [-97, -28, -23, -74], [17, 85, 6, -34]]
[[-33, 46, -118, -87], [-101, 104, 109, 50], [-40, -63, -33, -29], [46, 34, 125, -125]]
[[26, -21, 103, -121], [-61, -47, 66, -17], [91, 60, 44, 86], [31, -23, -76, 4]]
[[50, 57, -98, 22], [20, -19, -99, 94], [6, 121, -106, -35], [103, 93, 26, -102]]
[[21, -120, 72, -35], [-97, 3, 102, 83], [-35, -1, 31, -12], [84, -67, -89, -20]]
[[23, 112, -54, -96], [-20, 117, 117, 41], [35, -112, 9, 84], [-117, 74, -115, -83]]
[[72, -118, 43, -7], [-81, -85, 86, 34], [30, -25, 12, 29], [97, -73, 108, 78]]
[[-6, 99, -98, 49], [17, 97, 24, -90], [-77, 47, 42, 8], [39, 120, -101, 72]]
[[-83, 115, 121, -126], [92, 24, 84, 56], [49, -73, 87, 103], [-1, 37, -19, -18]]
[[-8, 8, -27, 104], [-15, -66, -33, 109], [41, -116, 29, -58], [104, -56, 109, -73]]
[[-55, -128, -85, -108], [119, -93, -40, -83], [52, -79, 73, -54], [104, 45, -92, 105]]
[[65, -68, 47, 65], [26, 116, 66, 96], [82, -104, -118, -52], [40, 126, 30, 51]]
[[-28, -16, 19, 58], [-125, -9, -29, 124], [62, -5, 72, 78], [78, 37, -100, -108]]
[[38, 74, -26, 69], [79, -90, -127, 84], [-107, 71, 80, -112], [92, 118, -123, -117]]
[[110, -93, 84, 108], [-56, -79, -111, -12], [-115, 97, 20, -61], [-12, -88, 101, -20]]
[[-90, -118, 93, -6], [-73, -32, 66, -1], [109, -18, -85, -75], [-110, -48, -15, -19]]
[[-90, 32, 34, 31], [102, -37, 27, 99], [95, 56, -52, 26], [58, -54, 70, -12]]
[[-69, 19, -9, 114], [-19, -65, 110, 22], [-8, 111, -65, 90], [88, 3, -2, -77]]
[[-123, 73, -77, -108], [74, 23, 78, 84], [-22, -35, -109, 62], [-86, -75, -98, 42]]
[[62, 51, -59, 71], [4, 56, -88, -113], [-53, -82, 56, -117], [6, -45, 102, 123]]
[[-77, -82, 25, -84], [-103, -127, 31, 68], [90, 77, -36, 76], [-108, 78, -90, 121]]
[[-124, 108, -13, -4], [-84, 118, -60, -42], [-5, 115, -124, -105], [-57, 80, 60, -47]]
[[118, 49, -39, -13], [-27, -26, 40, 94], [-50, -54, -49, 123], [0, 118, 66, -118]]
[[-94, 90, 41, -35], [-58, -68, -26, 110], [-90, -22, -2, -9], [-21, 97, -48, 13]]
[[-113, -14, 85, -20], [-73, 74, -71, 28], [49, -54, 5, 41], [25, -65, -74, 16]]
